100 0
0 694 736 -1 -1 378 -1 864 970 859 437 -1 85 -1 473 -1 -1 -1 -1 -1 -1 191 541 291 126 878 -1 -1 333 330 -1 -1 638 588 -1 942 -1 -1 336 665 187 -1 -1 -1 925 830 -1 854 -1 -1 144 -1 -1 999 -1 -1 -1 -1 380 -1 -1 190 -1 735 -1 -1 -1 -1 -1 -1 -1 916 103 47 451 718 434 -1 336 -1 -1 760 861 922 -1 -1 -1 806 33 888 -1 -1 -1 220 583 -1 93 -1 -1 -1 
713 0 -1 628 -1 355 -1 -1 -1 74 -1 -1 -1 -1 -1 -1 -1 -1 -1 436 938 -1 -1 201 107 391 962 157 625 107 -1 977 898 914 -1 -1 -1 846 -1 480 339 279 -1 -1 -1 -1 -1 253 798 271 529 -1 211 697 -1 -1 -1 981 -1 -1 537 -1 -1 -1 -1 183 -1 -1 -1 -1 303 955 184 -1 572 -1 -1 -1 897 792 172 338 -1 897 -1 -1 -1 527 683 337 -1 353 -1 241 398 -1 943 -1 -1 -1 
-1 471 0 -1 798 39 994 -1 467 -1 743 669 -1 -1 -1 -1 -1 70 -1 249 241 -1 -1 913 -1 319 841 173 -1 -1 -1 346 -1 113 370 894 -1 -1 -1 216 438 -1 -1 729 585 408 289 217 -1 648 77 -1 710 -1 -1 -1 -1 -1 -1 283 -1 -1 -1 -1 474 -1 -1 -1 -1 164 -1 851 -1 -1 330 395 283 672 -1 337 413 -1 973 437 -1 215 -1 186 369 236 465 937 -1 89 -1 -1 257 -1 870 121 
193 -1 -1 0 100 830 58 929 685 660 560 75 -1 46 -1 189 -1 -1 -1 -1 -1 885 -1 383 643 -1 -1 895 -1 580 463 402 548 -1 -1 -1 -1 190 711 136 -1 -1 -1 119 597 345 -1 934 842 -1 -1 -1 -1 -1 211 -1 319 -1 296 615 363 427 -1 316 -1 412 -1 816 -1 -1 315 293 323 890 -1 916 -1 -1 -1 131 -1 417 -1 95 63 341 -1 577 -1 383 171 -1 -1 -1 922 88 889 596 -1 -1 
749 -1 689 -1 0 -1 770 547 99 -1 818 -1 90 -1 34 969 -1 -1 -1 187 361 -1 983 -1 370 -1 -1 -1 -1 428 -1 722 435 284 370 946 835 11 -1 3 195 945 409 920 -1 -1 82 300 -1 949 364 621 -1 968 871 -1 569 818 -1 -1 575 579 -1 -1 582 -1 434 -1 644 279 482 -1 -1 747 -1 -1 857 -1 982 -1 920 -1 368 653 -1 423 749 -1 447 589 -1 -1 571 -1 630 -1 -1 -1 306 807 
373 -1 -1 845 -1 0 -1 701 -1 119 968 -1 858 -1 595 -1 -1 534 -1 638 804 -1 863 -1 381 535 205 -1 849 -1 374 -1 238 -1 -1 -1 -1 -1 -1 421 522 584 248 -1 -1 411 -1 147 878 646 -1 -1 279 97 107 682 567 558 -1 984 -1 406 647 481 641 863 219 761 -1 101 -1 -1 -1 -1 -1 692 817 -1 345 346 -1 -1 -1 930 304 85 496 -1 -1 497 -1 826 -1 306 659 515 -1 -1 -1 -1 
-1 61 -1 717 480 -1 0 -1 -1 32 -1 409 -1 -1 808 448 672 -1 874 -1 41 -1 485 -1 -1 811 -1 -1 562 213 972 -1 -1 470 -1 65 384 -1 872 -1 290 -1 141 -1 -1 224 800 -1 -1 507 9 824 -1 -1 499 -1 203 -1 341 7 -1 -1 780 481 768 738 -1 590 767 766 -1 801 655 -1 589 -1 789 -1 -1 732 -1 -1 900 -1 -1 526 -1 -1 -1 -1 143 478 573 -1 -1 124 183 -1 847 683 
-1 -1 -1 424 430 -1 662 0 739 393 -1 -1 422 166 -1 799 -1 -1 -1 455 -1 629 -1 414 703 -1 -1 424 85 -1 704 394 231 -1 861 -1 -1 -1 882 78 -1 460 -1 675 220 -1 815 866 -1 322 33 360 -1 145 -1 634 207 -1 -1 -1 -1 -1 -1 -1 479 654 493 -1 588 255 -1 362 561 603 788 -1 -1 -1 -1 222 -1 926 656 77 908 154 444 -1 -1 -1 -1 -1 -1 83 -1 -1 825 -1 812 -1 
-1 -1 230 293 323 -1 421 196 0 -1 545 -1 240 62 -1 964 -1 360 -1 -1 -1 -1 -1 -1 -1 889 -1 29 -1 769 -1 12 -1 -1 517 846 -1 -1 94 208 -1 -1 671 956 808 631 -1 229 -1 -1 -1 661 843 -1 395 -1 -1 62 919 547 419 676 -1 646 -1 -1 -1 6 464 -1 198 -1 -1 410 171 -1 -1 -1 -1 374 850 -1 -1 946 -1 86 -1 81 -1 929 198 -1 -1 -1 -1 -1 19 -1 -1 -1 
596 829 -1 834 -1 -1 868 -1 -1 0 886 420 -1 -1 972 -1 -1 -1 -1 -1 627 1 -1 289 195 740 299 -1 -1 92 612 127 12 861 -1 -1 -1 -1 271 155 -1 16 278 18 636 111 -1 -1 137 973 -1 -1 918 -1 781 -1 226 -1 600 379 252 -1 -1 -1 658 153 2 -1 168 -1 878 885 -1 507 851 796 -1 755 83 604 -1 691 -1 -1 546 -1 -1 434 659 545 198 -1 -1 41 801 -1 -1 125 999 -1 
904 -1 -1 761 -1 -1 270 -1 -1 932 0 -1 -1 -1 151 830 -1 331 114 -1 -1 -1 -1 486 -1 959 661 -1 -1 -1 -1 -1 146 464 -1 -1 -1 -1 107 736 -1 -1 514 341 847 -1 532 -1 -1 -1 -1 -1 793 -1 205 -1 -1 891 -1 144 -1 -1 96 789 206 -1 715 -1 785 480 664 219 56 -1 111 -1 -1 306 -1 308 -1 -1 195 -1 -1 91 -1 -1 -1 563 827 -1 -1 -1 377 986 246 -1 -1 801 
801 -1 184 -1 934 -1 210 -1 673 640 666 0 -1 939 -1 -1 474 -1 742 298 74 -1 240 -1 -1 980 751 634 -1 -1 899 -1 -1 -1 -1 -1 225 -1 -1 -1 758 317 -1 -1 -1 -1 -1 215 205 109 -1 310 895 775 -1 -1 -1 -1 638 -1 -1 -1 359 566 -1 -1 -1 -1 -1 383 561 786 562 -1 737 -1 -1 9 77 367 991 -1 258 270 -1 985 835 -1 265 442 -1 283 -1 -1 -1 -1 -1 103 -1 323 
372 -1 -1 993 -1 376 -1 -1 512 782 617 -1 0 685 -1 514 -1 38 -1 836 -1 953 -1 507 -1 -1 -1 436 214 580 43 -1 -1 200 863 -1 -1 633 -1 332 990 -1 195 604 -1 -1 348 -1 -1 992 394 168 -1 -1 325 741 216 108 266 -1 -1 -1 470 -1 -1 620 -1 -1 -1 58 916 -1 571 280 -1 -1 -1 -1 -1 -1 795 58 905 -1 747 846 0 318 -1 -1 -1 520 -1 -1 -1 960 175 -1 964 258 
-1 -1 164 -1 -1 -1 -1 928 977 -1 -1 -1 526 0 542 -1 -1 307 838 -1 -1 600 972 14 35 -1 591 -1 499 888 94 285 -1 464 277 -1 -1 38 -1 -1 298 -1 795 229 977 -1 609 -1 453 253 -1 812 212 -1 -1 190 -1 -1 -1 647 226 743 -1 241 -1 460 575 -1 312 621 -1 249 612 744 -1 -1 465 -1 378 -1 992 25 426 239 -1 -1 609 -1 -1 870 750 329 245 74 -1 -1 411 819 748 -1 
794 56 476 -1 -1 995 -1 754 -1 -1 -1 211 965 91 0 839 -1 -1 909 628 -1 -1 -1 -1 696 -1 -1 -1 206 -1 427 -1 778 958 609 -1 -1 -1 606 -1 847 945 430 729 703 -1 -1 -1 737 -1 832 662 120 -1 -1 -1 478 922 -1 140 -1 546 34 -1 962 -1 725 788 -1 399 -1 -1 -1 771 -1 977 -1 -1 497 -1 634 -1 600 -1 913 -1 -1 901 -1 241 799 325 -1 919 -1 -1 -1 475 -1 608 
-1 537 -1 814 -1 -1 -1 -1 158 872 913 645 -1 268 -1 0 -1 231 -1 -1 185 -1 663 -1 -1 -1 -1 -1 339 832 -1 591 165 699 -1 416 662 630 227 716 -1 -1 314 -1 409 -1 -1 -1 644 178 361 112 131 943 -1 -1 612 388 -1 -1 -1 -1 441 16 189 677 -1 685 438 -1 952 541 584 -1 -1 -1 -1 -1 140 832 -1 270 190 -1 60 272 592 952 931 -1 -1 668 982 867 -1 773 -1 178 163 -1 
-1 38 799 506 -1 -1 -1 -1 -1 701 -1 539 14 -1 520 459 0 -1 -1 -1 -1 -1 9 -1 647 30 -1 43 -1 -1 10 -1 -1 -1 -1 -1 199 -1 18 -1 -1 350 -1 -1 404 368 -1 -1 -1 -1 -1 -1 -1 -1 -1 -1 665 306 -1 -1 -1 -1 -1 -1 -1 509 -1 839 -1 588 875 603 500 143 -1 -1 -1 -1 416 459 947 568 -1 -1 -1 40 -1 509 -1 -1 931 -1 -1 -1 135 -1 817 141 979 241 
677 362 -1 421 424 -1 159 367 -1 -1 -1 667 54 -1 376 357 996 0 -1 -1 -1 -1 -1 144 -1 509 793 -1 443 424 -1 552 518 856 -1 388 246 -1 970 -1 645 -1 -1 530 405 341 -1 -1 -1 683 -1 119 -1 -1 -1 350 -1 -1 891 -1 -1 724 727 84 464 -1 594 458 -1 592 335 -1 915 593 942 -1 624 376 -1 841 578 149 478 217 -1 418 -1 -1 -1 809 -1 -1 627 -1 798 857 -1 330 -1 -1 
-1 -1 -1 136 190 -1 -1 -1 -1 -1 446 312 615 -1 155 -1 -1 171 0 269 734 279 -1 983 642 -1 728 213 889 -1 429 587 -1 729 492 154 -1 -1 -1 -1 -1 -1 -1 821 79 418 137 111 30 -1 794 -1 202 -1 -1 -1 347 443 -1 -1 -1 691 42 922 588 -1 138 499 576 -1 -1 -1 -1 -1 915 783 -1 888 405 322 75 -1 782 -1 -1 641 -1 -1 -1 -1 -1 -1 929 755 -1 669 -1 -1 253 -1 
183 635 101 843 432 932 233 14 761 -1 521 -1 692 439 -1 -1 -1 296 449 0 -1 -1 -1 -1 467 -1 -1 -1 443 -1 -1 609 -1 312 -1 -1 696 -1 -1 471 -1 -1 -1 980 -1 -1 794 737 -1 -1 546 -1 -1 -1 233 40 302 -1 962 125 477 0 -1 -1 -1 854 946 -1 481 -1 773 459 -1 9 204 -1 613 -1 -1 282 -1 910 307 850 535 -1 -1 509 579 -1 932 -1 631 -1 -1 -1 -1 890 573 462 
-1 544 769 -1 597 606 106 668 705 -1 -1 992 174 80 -1 797 -1 664 340 -1 0 522 553 823 182 -1 -1 -1 800 465 914 -1 535 883 484 -1 829 976 -1 -1 880 -1 -1 581 464 896 -1 468 708 554 223 -1 555 826 520 -1 943 -1 443 632 87 -1 -1 424 -1 -1 481 -1 -1 -1 158 628 457 369 -1 -1 -1 92 -1 -1 581 279 -1 -1 -1 813 356 -1 253 135 821 620 -1 481 -1 447 -1 548 -1 460 
-1 -1 969 -1 -1 597 704 -1 125 -1 -1 -1 76 -1 -1 551 -1 253 19 172 -1 0 -1 -1 -1 -1 458 -1 262 -1 -1 -1 650 158 -1 -1 390 -1 868 129 613 611 234 76 543 -1 126 128 169 -1 -1 619 540 99 -1 -1 495 299 -1 -1 808 975 798 517 993 -1 -1 -1 -1 -1 550 527 62 -1 184 -1 91 -1 -1 136 -1 -1 507 -1 -1 -1 -1 -1 -1 325 -1 127 -1 -1 -1 941 -1 485 221 -1 
508 481 -1 547 185 667 490 441 562 -1 407 -1 -1 587 863 399 371 429 -1 439 215 -1 0 -1 -1 118 -1 -1 999 -1 551 -1 759 -1 -1 230 -1 -1 148 50 102 390 -1 -1 604 -1 -1 112 -1 -1 512 -1 -1 20 140 -1 -1 -1 441 131 -1 -1 481 856 -1 -1 716 186 -1 172 -1 -1 127 -1 -1 -1 442 883 -1 -1 -1 602 850 962 -1 567 -1 393 357 968 302 795 -1 100 963 964 723 617 940 -1 
475 -1 681 919 -1 -1 90 947 -1 -1 529 -1 227 239 -1 611 94 -1 -1 -1 -1 878 -1 0 -1 -1 -1 490 -1 313 -1 470 -1 142 -1 255 262 245 422 -1 -1 760 944 621 -1 350 -1 0 615 899 829 -1 549 -1 -1 -1 909 181 878 49 -1 -1 -1 -1 -1 709 -1 721 -1 -1 -1 -1 284 864 142 542 -1 587 825 -1 51 -1 617 528 789 166 120 -1 600 -1 348 405 716 412 -1 363 18 600 127 -1 
-1 -1 -1 36 -1 -1 -1 -1 960 -1 460 770 411 458 308 553 -1 809 -1 761 -1 -1 -1 264 0 114 -1 -1 -1 -1 -1 -1 -1 365 -1 -1 -1 -1 902 106 496 -1 -1 247 -1 763 97 -1 -1 291 385 103 -1 -1 988 -1 31 -1 -1 -1 627 512 428 -1 -1 -1 -1 26 564 907 403 341 377 -1 -1 395 -1 -1 170 169 361 689 -1 -1 -1 -1 -1 -1 -1 70 -1 -1 24 -1 -1 153 -1 580 -1 -1 
-1 -1 -1 -1 320 -1 983 866 -1 -1 -1 -1 -1 -1 588 -1 358 -1 501 -1 -1 816 416 -1 -1 0 766 -1 142 935 -1 -1 140 806 968 -1 174 -1 7 -1 -1 -1 703 934 -1 -1 242 -1 512 355 419 -1 -1 -1 -1 -1 -1 -1 -1 170 815 850 966 -1 445 -1 516 -1 -1 435 -1 -1 -1 162 -1 -1 838 682 526 189 141 -1 -1 -1 -1 121 -1 620 -1 -1 180 946 855 -1 335 -1 302 345 -1 -1 
399 584 138 103 853 94 575 54 -1 807 550 413 -1 477 218 289 -1 -1 502 916 974 194 -1 771 448 258 0 713 803 -1 967 -1 -1 706 -1 52 768 584 -1 -1 472 -1 791 727 -1 -1 -1 -1 -1 312 175 663 -1 20 43 121 -1 82 876 -1 109 334 463 545 -1 363 606 -1 -1 -1 276 394 301 756 -1 -1 527 -1 259 256 -1 189 413 822 -1 -1 -1 337 -1 276 -1 -1 3 630 330 673 617 193 -1 371 
-1 -1 626 89 815 506 441 -1 125 -1 843 -1 -1 795 40 881 -1 -1 -1 -1 490 -1 -1 342 -1 881 396 0 -1 905 254 200 -1 -1 690 237 222 727 12 -1 -1 456 765 -1 761 -1 706 436 692 -1 -1 425 -1 677 -1 66 421 -1 -1 174 -1 788 -1 -1 792 -1 -1 -1 -1 605 97 424 661 246 -1 64 -1 439 -1 738 398 665 922 -1 733 -1 -1 7 -1 175 520 352 -1 -1 700 -1 720 44 310 989 
697 349 260 475 -1 995 -1 877 532 -1 -1 -1 479 239 -1 878 -1 30 195 -1 169 627 -1 907 -1 293 287 122 0 796 93 360 -1 -1 215 591 706 268 -1 637 309 -1 -1 31 514 -1 612 905 369 721 888 -1 -1 -1 809 100 625 661 -1 -1 -1 449 -1 550 568 595 -1 671 630 -1 -1 585 -1 -1 864 595 -1 -1 -1 -1 -1 786 -1 -1 822 -1 -1 884 734 -1 -1 522 363 -1 -1 -1 -1 328 -1 638 
-1 408 237 492 258 -1 -1 -1 480 -1 -1 -1 -1 -1 -1 807 -1 759 -1 -1 -1 -1 -1 202 544 765 -1 202 115 0 -1 -1 -1 812 555 181 -1 714 -1 335 -1 562 548 507 964 471 913 150 -1 -1 600 886 -1 284 -1 870 526 -1 -1 -1 -1 994 506 405 127 217 -1 -1 684 -1 -1 -1 866 115 -1 118 -1 -1 -1 640 962 9 393 -1 532 -1 -1 -1 364 664 37 -1 -1 686 -1 -1 -1 -1 -1 -1 
835 -1 -1 -1 159 -1 764 571 384 975 -1 -1 480 -1 -1 861 131 919 -1 869 682 -1 225 -1 784 -1 -1 -1 -1 -1 0 -1 126 -1 566 -1 565 751 900 850 234 892 710 -1 -1 -1 754 -1 -1 151 -1 -1 -1 42 540 206 -1 957 593 510 893 -1 -1 238 -1 997 -1 67 -1 702 -1 560 -1 302 168 -1 355 636 -1 -1 178 -1 205 316 927 -1 -1 716 -1 -1 -1 -1 -1 -1 -1 -1 462 731 -1 440 
160 -1 576 643 756 -1 -1 -1 -1 915 -1 -1 803 -1 -1 377 -1 522 230 926 806 68 707 -1 -1 -1 988 -1 -1 -1 -1 0 701 883 -1 -1 366 -1 87 -1 -1 551 793 -1 403 416 -1 954 -1 -1 192 800 -1 900 636 373 -1 -1 -1 560 350 336 889 -1 -1 229 -1 391 -1 422 -1 285 494 -1 -1 776 -1 -1 937 770 148 -1 568 606 647 38 65 15 856 -1 -1 -1 861 929 -1 187 -1 338 158 -1 
-1 -1 -1 128 -1 125 591 -1 166 -1 -1 -1 -1 833 -1 -1 752 886 -1 972 103 -1 582 859 650 -1 223 126 -1 -1 778 -1 0 -1 -1 -1 600 -1 645 -1 -1 -1 -1 612 -1 -1 -1 817 187 646 149 -1 -1 471 -1 -1 -1 72 -1 922 -1 -1 -1 127 -1 680 -1 -1 788 -1 -1 -1 949 -1 82 333 607 -1 960 -1 759 561 -1 673 244 526 -1 727 -1 -1 864 604 -1 -1 351 720 -1 -1 -1 -1 
-1 378 127 -1 394 -1 780 -1 947 144 608 -1 -1 -1 320 509 683 311 667 264 -1 -1 -1 -1 512 -1 534 -1 -1 -1 -1 -1 207 0 20 -1 -1 -1 -1 394 -1 104 -1 802 262 -1 -1 -1 946 -1 -1 -1 -1 -1 -1 -1 603 704 639 501 69 -1 0 433 681 -1 308 297 -1 914 311 933 490 502 -1 -1 -1 -1 814 -1 683 405 65 258 -1 973 93 732 982 -1 219 -1 67 599 -1 108 -1 -1 -1 -1 
-1 -1 -1 -1 834 -1 -1 -1 955 -1 -1 918 287 944 292 -1 -1 -1 -1 861 328 508 -1 132 80 923 -1 -1 -1 -1 -1 -1 -1 949 0 394 -1 -1 320 117 317 -1 616 779 -1 -1 675 -1 105 -1 974 357 706 -1 -1 -1 820 -1 -1 936 542 460 -1 -1 915 -1 433 311 -1 -1 742 -1 -1 25 632 596 -1 -1 -1 445 -1 878 -1 460 -1 149 -1 708 607 647 42 -1 -1 -1 -1 -1 -1 925 -1 423 
649 318 -1 297 856 989 -1 782 -1 -1 70 -1 -1 255 926 836 -1 -1 -1 -1 -1 -1 -1 135 -1 517 -1 486 -1 -1 476 486 399 -1 268 0 613 -1 754 -1 311 -1 274 488 258 745 291 -1 754 94 -1 396 -1 199 165 -1 -1 151 896 179 659 87 154 -1 -1 975 28 701 343 -1 822 -1 -1 -1 377 -1 312 990 0 710 343 862 217 -1 31 -1 -1 315 644 -1 -1 -1 80 806 -1 494 -1 587 -1 -1 
767 -1 5 -1 -1 -1 110 -1 973 665 536 550 933 485 -1 -1 -1 731 -1 382 85 -1 63 -1 146 -1 -1 386 723 177 512 896 962 212 -1 91 0 589 -1 -1 189 895 819 25 529 -1 -1 426 -1 906 -1 -1 -1 -1 938 -1 -1 -1 -1 -1 -1 46 -1 495 339 696 791 -1 886 -1 -1 -1 716 -1 672 -1 -1 -1 612 501 -1 -1 290 -1 899 859 -1 960 694 274 -1 -1 451 -1 -1 619 320 -1 -1 612 
-1 958 82 -1 -1 -1 -1 307 300 203 -1 887 -1 427 -1 -1 16 329 476 649 -1 427 616 802 -1 -1 302 310 -1 -1 -1 -1 -1 280 -1 -1 109 0 901 -1 386 -1 -1 -1 786 103 -1 451 -1 -1 687 -1 490 577 539 971 599 -1 490 -1 -1 -1 284 509 -1 808 209 302 -1 11 -1 -1 -1 671 519 -1 -1 -1 23 -1 -1 -1 -1 -1 -1 -1 179 282 519 -1 739 388 -1 -1 -1 905 -1 -1 916 -1 
-1 759 876 180 171 600 643 -1 468 -1 987 734 19 -1 527 -1 928 -1 753 696 754 -1 -1 -1 978 -1 227 -1 188 349 386 -1 571 -1 -1 704 626 182 0 -1 -1 447 64 437 388 -1 623 -1 -1 -1 -1 137 529 -1 934 -1 281 90 55 -1 -1 438 538 -1 878 -1 -1 -1 376 761 -1 -1 -1 -1 -1 149 579 211 -1 850 614 -1 477 -1 835 198 -1 -1 563 867 -1 101 16 -1 16 -1 -1 -1 -1 330 
334 -1 -1 371 766 476 372 -1 109 264 372 -1 46 -1 -1 418 191 695 -1 -1 58 -1 -1 812 -1 984 -1 -1 -1 232 88 552 -1 -1 -1 245 597 -1 421 0 674 -1 -1 823 -1 399 -1 225 -1 -1 243 -1 -1 323 -1 488 -1 -1 -1 794 -1 -1 305 -1 997 377 -1 693 169 746 -1 -1 644 789 -1 508 66 409 323 521 -1 -1 177 -1 -1 500 -1 886 -1 -1 -1 -1 391 -1 -1 -1 201 652 -1 966 
-1 409 -1 -1 -1 -1 -1 628 -1 231 840 654 -1 -1 487 -1 254 618 909 736 507 -1 -1 -1 730 736 752 -1 -1 574 930 -1 463 -1 -1 17 -1 -1 -1 155 0 -1 17 171 443 482 203 -1 420 -1 -1 -1 666 -1 -1 -1 -1 -1 -1 -1 -1 -1 -1 494 866 323 -1 442 119 -1 124 12 -1 -1 952 596 115 -1 171 -1 -1 174 -1 -1 -1 -1 981 -1 27 -1 544 98 252 521 -1 -1 202 300 -1 -1 
756 -1 557 164 86 861 361 -1 571 555 922 -1 6 394 -1 -1 391 -1 531 -1 -1 830 197 812 -1 741 956 532 -1 -1 468 -1 -1 -1 -1 -1 604 -1 -1 -1 298 0 -1 28 986 908 -1 -1 -1 23 -1 616 900 -1 -1 -1 22 -1 -1 467 115 930 -1 -1 111 -1 302 -1 763 -1 303 399 -1 422 774 -1 169 -1 -1 47 -1 662 -1 934 464 -1 696 -1 -1 794 -1 481 -1 559 65 71 0 -1 851 467 
988 574 -1 -1 856 869 234 -1 88 -1 -1 -1 -1 121 366 -1 -1 -1 -1 -1 -1 479 428 95 383 441 -1 -1 -1 -1 -1 483 -1 -1 -1 207 -1 -1 -1 -1 702 -1 0 342 996 -1 -1 300 252 -1 173 21 -1 474 73 -1 -1 -1 966 -1 975 60 229 -1 807 -1 268 -1 941 884 883 -1 -1 -1 -1 -1 -1 -1 -1 -1 366 758 -1 620 -1 523 -1 -1 972 -1 973 88 -1 112 484 -1 -1 -1 -1 271 
438 545 -1 42 -1 -1 -1 182 -1 623 755 419 -1 998 -1 -1 -1 363 806 -1 782 983 604 3 -1 -1 -1 796 368 645 265 -1 395 863 -1 727 -1 990 -1 -1 219 -1 549 0 375 797 699 -1 -1 -1 524 522 -1 237 656 892 62 802 382 -1 846 -1 -1 -1 -1 639 -1 513 -1 852 640 402 -1 -1 -1 -1 795 276 -1 105 912 -1 -1 -1 221 -1 503 -1 535 -1 720 -1 214 -1 -1 90 -1 550 106 557 
831 170 503 -1 334 -1 643 -1 284 973 -1 -1 442 139 -1 -1 884 720 -1 240 727 -1 335 -1 262 659 499 -1 -1 -1 -1 -1 -1 317 235 -1 -1 671 799 -1 -1 -1 181 -1 0 460 104 -1 -1 -1 141 -1 638 379 -1 -1 905 -1 843 -1 484 999 446 -1 -1 454 208 -1 866 -1 971 -1 798 -1 -1 471 786 -1 429 551 927 -1 -1 326 -1 498 -1 296 995 -1 899 691 930 -1 -1 -1 -1 -1 237 672 
-1 -1 93 344 -1 999 901 -1 -1 621 -1 172 154 210 738 368 -1 383 935 291 781 376 -1 -1 -1 640 -1 -1 -1 -1 -1 419 -1 -1 -1 -1 359 -1 -1 -1 94 -1 -1 -1 -1 0 487 307 995 772 -1 788 -1 266 -1 483 -1 -1 939 -1 547 -1 349 -1 20 602 -1 226 -1 365 727 -1 -1 -1 -1 -1 -1 384 518 -1 -1 892 404 -1 554 352 -1 810 -1 232 102 -1 -1 270 122 358 -1 868 794 596 
962 58 -1 -1 609 -1 492 -1 -1 812 -1 -1 412 641 -1 181 -1 -1 952 -1 70 327 -1 178 -1 -1 -1 941 -1 284 329 -1 347 -1 919 -1 957 -1 -1 -1 -1 223 -1 148 253 368 0 30 -1 7 836 184 -1 -1 221 -1 471 245 113 186 215 196 313 -1 655 -1 408 -1 -1 -1 815 -1 -1 969 -1 -1 838 -1 -1 72 -1 -1 -1 317 -1 825 -1 -1 -1 -1 -1 242 974 797 -1 -1 -1 706 163 -1 
-1 374 -1 -1 326 -1 -1 810 295 268 673 341 -1 329 888 -1 -1 -1 -1 195 10 714 112 807 217 -1 793 -1 634 -1 53 591 -1 829 679 542 46 91 -1 731 100 11 786 588 -1 -1 158 0 386 -1 258 -1 815 -1 -1 702 357 -1 -1 487 -1 -1 -1 -1 -1 265 -1 -1 -1 -1 647 -1 -1 -1 136 311 -1 -1 288 774 546 366 -1 -1 168 -1 -1 -1 -1 963 206 -1 841 -1 -1 424 -1 -1 551 614 
342 579 171 261 -1 -1 835 -1 -1 517 -1 132 866 -1 118 258 784 541 -1 -1 795 904 -1 -1 -1 -1 -1 -1 656 812 642 -1 291 -1 856 38 405 886 21 97 658 711 404 599 791 1 -1 50 0 953 -1 -1 893 -1 -1 -1 22 -1 -1 406 -1 752 380 53 93 352 999 -1 843 409 -1 794 939 572 -1 -1 653 -1 460 982 -1 947 -1 950 -1 444 -1 -1 715 -1 241 -1 -1 379 275 235 -1 -1 681 604 
402 916 260 98 -1 136 233 -1 -1 -1 679 578 -1 -1 -1 130 -1 796 -1 -1 633 398 243 844 -1 854 -1 918 169 491 94 -1 -1 273 -1 692 -1 -1 -1 80 344 805 -1 -1 499 -1 -1 454 -1 0 170 794 -1 587 -1 591 322 778 102 229 284 637 -1 -1 35 -1 -1 -1 938 -1 769 576 -1 -1 938 304 293 -1 -1 -1 503 45 -1 231 -1 730 -1 935 981 -1 -1 316 130 -1 261 516 -1 609 751 251 
375 268 74 -1 -1 67 118 226 -1 -1 333 755 -1 204 -1 -1 -1 -1 -1 469 916 -1 -1 136 -1 -1 926 -1 883 -1 703 50 -1 -1 615 871 -1 131 969 357 226 855 884 -1 -1 997 463 -1 -1 721 0 641 286 -1 345 -1 423 751 -1 269 -1 -1 -1 -1 338 598 -1 -1 -1 612 66 67 85 6 -1 205 298 -1 -1 553 760 -1 752 -1 74 494 -1 417 381 -1 977 420 642 506 -1 707 481 -1 826 140 
118 -1 -1 -1 -1 -1 453 -1 -1 941 -1 987 -1 891 -1 -1 515 845 503 574 -1 285 595 919 -1 718 -1 -1 730 535 -1 -1 615 533 70 260 -1 16 -1 -1 212 -1 455 -1 -1 489 855 986 -1 -1 -1 0 420 -1 733 -1 -1 -1 -1 951 838 75 -1 460 -1 -1 -1 -1 54 -1 832 -1 314 -1 -1 -1 -1 -1 -1 -1 204 894 832 -1 228 234 -1 -1 543 -1 -1 -1 -1 -1 -1 -1 -1 -1 123 251 
-1 336 426 267 645 774 -1 -1 -1 -1 -1 849 549 -1 424 -1 817 -1 -1 782 -1 507 639 584 936 356 -1 -1 805 -1 -1 154 738 29 -1 -1 727 -1 388 103 -1 -1 -1 -1 -1 -1 -1 793 -1 -1 744 -1 0 112 -1 -1 -1 -1 429 918 219 637 -1 -1 -1 -1 992 -1 -1 -1 -1 760 224 290 -1 519 651 -1 -1 206 -1 824 -1 658 606 -1 178 139 -1 -1 -1 -1 -1 801 -1 -1 -1 394 -1 326 
-1 601 900 536 378 -1 -1 -1 116 -1 576 -1 325 -1 -1 84 -1 -1 -1 -1 -1 -1 -1 687 257 633 553 -1 716 650 -1 -1 240 -1 -1 719 -1 -1 -1 298 -1 993 716 -1 801 979 -1 -1 151 336 -1 598 166 0 -1 612 317 533 -1 113 193 125 -1 732 -1 188 -1 706 -1 34 955 -1 253 -1 -1 33 -1 -1 -1 -1 -1 -1 410 775 -1 -1 571 646 -1 -1 201 -1 226 923 646 -1 -1 -1 -1 -1 
613 -1 -1 977 639 -1 845 860 -1 -1 649 525 -1 674 519 225 446 718 322 -1 -1 78 -1 -1 -1 -1 -1 433 -1 -1 365 182 613 -1 307 -1 211 -1 -1 -1 -1 488 502 910 -1 516 624 -1 -1 -1 -1 118 -1 361 0 -1 -1 -1 747 -1 -1 -1 157 131 884 -1 -1 -1 235 138 151 -1 314 121 -1 -1 526 -1 -1 555 -1 529 618 -1 196 -1 -1 -1 -1 480 -1 -1 -1 -1 -1 -1 -1 -1 -1 210 
660 -1 -1 667 -1 -1 -1 -1 563 823 317 -1 228 230 674 596 246 711 -1 -1 -1 -1 508 -1 -1 947 776 -1 439 -1 -1 -1 156 -1 595 -1 -1 -1 -1 527 -1 -1 590 -1 -1 738 -1 716 138 578 200 266 217 547 -1 0 -1 435 982 -1 -1 -1 -1 -1 -1 -1 838 985 -1 -1 459 562 937 -1 788 87 265 -1 58 620 -1 639 -1 -1 293 -1 36 -1 599 175 650 10 -1 -1 -1 778 105 883 -1 -1 
152 -1 -1 429 -1 -1 -1 -1 511 293 613 211 -1 315 -1 -1 -1 -1 322 410 -1 -1 -1 -1 485 118 668 -1 106 745 436 -1 -1 330 -1 -1 -1 157 -1 -1 987 418 -1 -1 -1 -1 -1 973 135 83 -1 984 -1 -1 -1 -1 0 -1 -1 -1 -1 424 633 -1 -1 918 -1 887 -1 -1 -1 -1 -1 -1 641 -1 558 304 661 -1 22 -1 875 378 406 257 863 -1 12 489 -1 290 -1 -1 228 -1 17 303 505 511 
-1 702 958 20 740 -1 364 218 752 -1 -1 -1 787 -1 591 -1 143 -1 -1 0 258 987 -1 349 613 -1 656 -1 -1 570 734 236 675 -1 -1 -1 851 -1 -1 -1 843 972 -1 -1 -1 196 747 -1 639 -1 344 -1 857 -1 -1 24 474 0 181 141 -1 83 171 -1 296 -1 962 464 730 43 -1 503 271 -1 -1 -1 -1 823 503 -1 -1 218 -1 316 -1 630 -1 -1 -1 144 794 271 -1 410 882 -1 406 454 121 810 
-1 -1 -1 52 -1 226 -1 -1 690 -1 578 502 -1 590 -1 945 -1 640 717 -1 428 179 -1 399 -1 859 473 570 618 -1 870 -1 832 758 800 -1 -1 129 -1 269 317 59 586 -1 -1 785 -1 609 207 149 -1 243 509 -1 -1 -1 585 756 0 167 987 944 685 -1 140 -1 533 54 -1 -1 90 630 979 -1 -1 -1 -1 -1 332 -1 581 -1 772 71 -1 -1 -1 686 -1 -1 -1 -1 663 534 217 -1 186 -1 832 -1 
903 -1 -1 -1 987 -1 -1 -1 -1 239 354 46 -1 244 571 -1 -1 551 -1 -1 123 558 303 70 609 -1 -1 -1 837 -1 301 991 837 826 242 -1 212 -1 114 -1 -1 915 474 470 -1 -1 494 88 857 -1 -1 338 -1 -1 -1 -1 795 178 -1 0 -1 -1 850 -1 36 -1 -1 -1 553 545 -1 -1 -1 135 622 82 -1 872 939 -1 950 780 365 21 -1 -1 -1 847 363 527 -1 460 305 775 502 231 913 703 -1 -1 
-1 253 582 -1 972 275 -1 410 76 971 308 -1 194 921 384 -1 869 -1 -1 -1 -1 399 -1 771 -1 -1 -1 -1 -1 209 283 -1 -1 479 895 -1 -1 18 591 48 646 580 249 -1 439 543 682 367 948 987 -1 731 -1 -1 378 -1 -1 486 489 682 0 358 917 -1 -1 480 855 127 -1 129 108 -1 -1 428 567 618 647 -1 -1 852 168 177 -1 -1 -1 260 943 -1 232 -1 -1 -1 -1 -1 756 745 324 -1 -1 227 
161 712 -1 -1 30 862 330 -1 247 593 810 -1 -1 -1 125 -1 184 -1 903 -1 -1 -1 -1 -1 111 749 139 299 -1 -1 876 758 451 -1 -1 264 563 645 -1 495 330 -1 588 452 -1 487 -1 -1 582 752 880 334 363 483 -1 -1 807 -1 866 8 -1 0 903 50 134 -1 -1 800 -1 208 793 668 -1 -1 -1 -1 -1 -1 -1 184 112 -1 -1 134 4 149 962 -1 998 420 840 252 -1 -1 268 -1 -1 89 -1 879 
-1 761 -1 420 -1 590 6 432 -1 -1 592 771 547 -1 -1 846 -1 -1 425 473 -1 -1 -1 -1 932 713 433 -1 -1 56 518 965 350 307 544 227 5 -1 583 -1 451 -1 163 -1 800 -1 -1 -1 871 -1 711 -1 681 238 889 -1 -1 373 838 -1 364 315 0 -1 192 280 974 -1 767 177 717 153 377 -1 515 -1 -1 -1 -1 333 -1 -1 -1 151 -1 104 984 -1 -1 650 -1 -1 134 230 926 -1 -1 -1 -1 184 
-1 473 496 -1 -1 160 -1 535 -1 357 469 -1 -1 -1 -1 -1 -1 977 -1 853 399 -1 607 -1 -1 -1 -1 251 -1 -1 465 -1 -1 271 -1 709 383 35 31 599 -1 -1 -1 -1 -1 -1 418 -1 238 864 -1 49 -1 -1 539 -1 -1 -1 -1 -1 -1 292 -1 0 149 -1 -1 52 -1 -1 776 609 173 -1 715 333 771 -1 225 187 981 436 771 510 -1 -1 697 -1 -1 555 -1 969 -1 -1 -1 -1 823 -1 829 872 
-1 841 877 -1 -1 486 -1 -1 301 -1 412 -1 -1 244 229 -1 -1 -1 250 789 -1 -1 775 -1 -1 -1 99 -1 660 650 804 -1 698 -1 -1 756 289 -1 -1 945 614 -1 -1 709 189 -1 163 180 260 78 419 -1 217 426 -1 636 -1 -1 525 -1 -1 920 -1 179 0 -1 752 303 634 571 560 -1 -1 -1 212 -1 -1 959 -1 355 -1 697 -1 550 -1 943 -1 -1 176 -1 -1 -1 -1 487 186 -1 -1 -1 -1 253 
297 -1 371 -1 597 581 0 -1 -1 -1 -1 -1 -1 532 968 555 859 -1 -1 649 879 155 -1 -1 -1 285 -1 255 647 621 -1 602 -1 -1 -1 511 200 -1 795 63 592 564 173 -1 -1 371 -1 771 995 -1 -1 745 -1 -1 -1 472 188 -1 -1 426 -1 283 38 397 625 0 286 -1 -1 348 -1 -1 -1 914 -1 -1 72 -1 907 -1 470 234 -1 -1 -1 311 34 687 291 -1 932 -1 -1 -1 -1 -1 601 -1 -1 567 
527 310 729 -1 448 -1 375 -1 71 -1 -1 -1 598 -1 330 891 83 320 158 673 205 -1 -1 26 -1 -1 -1 -1 -1 -1 535 670 931 174 -1 -1 -1 464 -1 -1 -1 -1 -1 134 22 602 -1 375 311 851 -1 -1 -1 -1 685 -1 -1 -1 351 300 410 339 -1 719 -1 -1 0 929 -1 849 -1 260 93 791 -1 873 929 -1 187 -1 412 358 -1 366 242 -1 15 707 -1 205 327 -1 -1 974 204 -1 -1 -1 120 196 
-1 -1 -1 948 -1 134 -1 -1 986 -1 -1 196 977 553 -1 -1 -1 -1 -1 -1 600 189 405 -1 939 -1 10 -1 -1 499 674 -1 -1 -1 557 784 747 688 -1 601 -1 -1 -1 42 -1 718 877 426 -1 -1 -1 552 -1 227 84 946 452 361 769 -1 989 373 -1 -1 -1 884 282 0 146 497 -1 -1 183 -1 195 871 -1 448 -1 910 933 -1 -1 -1 -1 178 82 -1 854 818 984 549 533 6 906 -1 -1 -1 -1 -1 
-1 504 -1 2 -1 -1 -1 976 819 69 91 -1 393 -1 -1 -1 4 -1 232 952 -1 239 367 -1 842 191 -1 -1 -1 -1 850 -1 -1 -1 635 611 -1 -1 748 -1 -1 -1 835 -1 920 -1 -1 -1 405 662 304 410 -1 561 393 -1 -1 130 144 259 762 -1 836 970 -1 588 -1 -1 0 86 -1 -1 194 69 -1 439 37 233 -1 -1 -1 235 -1 -1 -1 -1 -1 609 -1 693 452 -1 -1 150 997 655 975 -1 129 133 
-1 683 606 411 -1 -1 -1 -1 753 -1 -1 472 559 10 831 632 490 870 16 599 634 276 658 -1 -1 -1 784 212 458 24 306 -1 436 438 332 -1 -1 696 -1 -1 -1 -1 -1 19 485 -1 -1 347 822 -1 933 480 -1 -1 7 883 -1 -1 994 424 212 -1 164 -1 -1 -1 -1 531 -1 0 789 -1 798 -1 664 -1 -1 -1 -1 56 -1 -1 444 -1 -1 758 -1 141 211 176 -1 165 -1 718 -1 -1 107 501 -1 -1 
-1 270 -1 481 31 461 973 464 357 995 -1 323 -1 -1 -1 250 -1 -1 154 954 -1 -1 -1 183 -1 118 -1 134 352 -1 -1 884 80 -1 -1 -1 317 148 -1 -1 -1 876 -1 -1 860 34 -1 -1 425 769 871 -1 3 224 -1 206 -1 157 -1 481 826 52 172 -1 431 -1 862 -1 -1 88 0 979 575 -1 -1 -1 3 -1 -1 -1 806 -1 926 -1 -1 -1 -1 -1 580 -1 859 482 399 540 653 275 750 792 -1 811 
125 717 -1 -1 189 -1 -1 520 -1 15 -1 -1 -1 -1 -1 300 -1 653 -1 -1 -1 -1 -1 -1 552 -1 -1 -1 -1 -1 -1 -1 993 295 -1 708 668 71 -1 -1 -1 544 -1 679 -1 984 952 -1 338 670 813 39 -1 950 -1 231 -1 583 924 563 992 -1 560 -1 391 709 -1 -1 -1 693 -1 0 -1 -1 247 -1 -1 867 455 -1 248 754 -1 915 614 -1 657 908 721 139 -1 567 759 415 294 278 -1 -1 -1 451 
295 -1 -1 -1 -1 852 -1 -1 -1 791 817 532 925 -1 920 229 51 -1 -1 -1 612 -1 -1 407 981 -1 476 -1 -1 424 -1 -1 -1 525 -1 -1 692 502 913 -1 229 -1 14 -1 -1 998 -1 -1 9 696 133 -1 213 -1 -1 858 -1 945 205 144 -1 933 693 -1 788 781 -1 855 -1 -1 -1 -1 0 898 692 173 -1 -1 -1 442 -1 954 4 177 640 -1 -1 150 40 -1 -1 -1 -1 455 -1 308 804 473 944 -1 
-1 -1 521 -1 382 -1 -1 389 -1 517 665 -1 719 240 419 -1 704 -1 -1 -1 -1 667 -1 -1 -1 507 -1 234 43 -1 -1 776 -1 214 -1 502 176 -1 22 376 -1 -1 628 172 -1 -1 -1 -1 574 509 -1 251 -1 69 161 624 -1 41 110 -1 -1 -1 -1 -1 256 -1 -1 -1 -1 -1 505 -1 456 0 442 446 -1 971 413 853 871 933 -1 621 -1 756 520 167 517 405 908 -1 219 -1 260 303 -1 207 214 209 
637 -1 -1 207 -1 27 -1 717 646 205 830 -1 739 661 -1 -1 -1 -1 -1 306 650 -1 -1 562 -1 -1 788 541 -1 -1 -1 51 399 365 -1 910 416 -1 -1 -1 482 -1 484 381 -1 -1 -1 381 739 -1 -1 488 110 573 500 -1 -1 -1 -1 46 -1 -1 376 565 -1 497 -1 805 -1 -1 -1 -1 466 -1 0 -1 812 49 -1 -1 -1 123 66 -1 -1 -1 -1 -1 -1 -1 -1 88 -1 -1 908 -1 -1 -1 -1 579 
614 -1 -1 -1 -1 -1 927 -1 492 -1 905 978 162 788 -1 59 476 518 -1 814 52 -1 -1 336 -1 -1 264 -1 327 -1 247 298 -1 837 616 -1 432 751 -1 817 97 -1 -1 -1 -1 371 -1 -1 -1 835 -1 575 -1 953 207 977 -1 -1 -1 -1 92 944 118 -1 856 -1 456 -1 -1 351 401 498 818 5 -1 0 -1 -1 835 -1 -1 577 -1 -1 491 -1 741 592 548 -1 -1 -1 473 -1 904 673 531 -1 -1 372 
-1 -1 -1 -1 -1 -1 -1 -1 -1 596 845 610 -1 -1 465 910 -1 -1 -1 -1 -1 837 -1 920 663 393 471 203 345 141 -1 -1 -1 -1 559 48 196 149 948 -1 678 -1 472 648 -1 825 797 87 901 -1 -1 -1 -1 875 374 -1 127 198 -1 45 512 -1 241 -1 -1 -1 856 -1 -1 -1 -1 453 -1 775 511 -1 0 -1 794 -1 737 -1 897 -1 739 -1 -1 469 1 647 813 582 -1 189 709 -1 -1 117 -1 404 
929 362 -1 -1 455 772 -1 -1 -1 359 729 -1 -1 331 997 441 350 -1 -1 109 82 403 -1 492 -1 -1 941 108 516 -1 -1 21 -1 649 -1 627 729 247 453 838 153 -1 -1 -1 90 -1 768 60 -1 449 -1 562 -1 843 -1 949 205 -1 -1 874 -1 -1 -1 433 794 -1 995 -1 233 -1 -1 290 -1 74 -1 -1 -1 0 -1 57 -1 566 -1 160 988 366 955 314 -1 -1 740 894 990 923 429 725 -1 437 858 -1 
-1 845 780 630 -1 618 -1 564 -1 705 -1 -1 -1 490 781 -1 -1 -1 306 -1 659 -1 136 -1 -1 -1 -1 520 -1 433 -1 827 164 386 158 -1 152 -1 -1 -1 -1 293 697 -1 375 -1 438 640 -1 -1 491 453 48 -1 506 226 736 -1 112 -1 407 -1 -1 718 575 -1 -1 906 -1 807 -1 -1 835 -1 758 -1 -1 -1 0 375 -1 -1 -1 173 526 -1 -1 979 -1 -1 -1 308 -1 899 608 879 474 138 77 -1 
-1 204 -1 977 12 -1 -1 -1 -1 -1 110 -1 208 -1 -1 -1 530 230 185 -1 -1 -1 176 33 700 -1 182 168 987 -1 394 -1 -1 -1 -1 -1 -1 349 -1 346 -1 -1 230 283 -1 76 -1 305 -1 487 681 -1 782 165 -1 783 -1 -1 -1 666 -1 898 -1 497 -1 -1 -1 411 -1 -1 -1 983 -1 -1 751 -1 53 837 -1 0 -1 408 200 934 -1 228 188 986 -1 545 -1 -1 -1 -1 953 355 874 48 -1 670 
297 -1 753 84 -1 -1 -1 280 -1 -1 -1 79 -1 823 3 -1 -1 44 159 494 -1 -1 32 -1 243 442 -1 673 188 640 -1 848 -1 248 -1 -1 189 362 -1 -1 509 614 -1 -1 174 439 914 -1 228 270 -1 903 -1 -1 -1 -1 -1 553 -1 -1 -1 190 913 -1 215 -1 -1 -1 -1 94 -1 504 -1 32 583 133 548 112 209 881 0 946 662 -1 437 16 375 -1 933 183 -1 -1 952 -1 849 -1 775 957 -1 811 
-1 -1 -1 616 600 -1 -1 314 -1 268 107 601 -1 598 717 930 -1 808 -1 611 -1 463 -1 266 772 690 -1 798 -1 788 895 -1 141 -1 -1 -1 179 530 697 810 295 207 2 615 -1 -1 27 588 -1 -1 193 808 -1 419 151 583 503 -1 -1 973 422 -1 -1 -1 -1 48 -1 957 345 -1 -1 321 944 -1 624 -1 156 -1 -1 699 -1 0 168 329 -1 922 188 -1 -1 565 -1 584 283 -1 -1 528 498 -1 979 -1 
867 984 -1 848 357 -1 -1 526 743 -1 256 821 -1 -1 387 -1 -1 177 -1 429 -1 277 -1 -1 -1 569 -1 871 807 485 682 698 329 -1 941 213 985 -1 -1 -1 41 720 689 -1 -1 745 -1 -1 387 -1 571 527 -1 -1 448 -1 149 267 172 541 200 566 843 -1 -1 774 -1 382 -1 136 -1 431 -1 -1 -1 -1 -1 -1 312 -1 183 66 0 938 -1 767 -1 219 666 511 907 607 468 -1 -1 -1 596 252 -1 883 
795 -1 -1 88 -1 -1 166 174 -1 -1 962 -1 257 -1 -1 781 16 -1 -1 701 123 214 -1 53 256 -1 856 752 793 102 380 -1 -1 -1 -1 128 283 994 -1 -1 731 -1 -1 -1 -1 553 -1 811 -1 -1 -1 301 -1 315 377 817 825 73 289 424 -1 10 830 -1 -1 75 -1 65 -1 -1 905 141 -1 -1 -1 615 477 -1 50 256 -1 966 572 0 -1 614 -1 778 -1 -1 484 -1 -1 789 -1 711 41 219 -1 -1 
511 -1 -1 837 -1 -1 237 -1 -1 -1 538 -1 -1 497 759 -1 -1 -1 -1 -1 -1 -1 -1 248 -1 510 57 328 392 945 485 987 634 777 892 755 -1 60 550 -1 -1 -1 -1 293 -1 -1 -1 -1 -1 218 484 -1 91 -1 -1 -1 -1 -1 -1 -1 119 93 388 47 -1 836 -1 -1 190 888 485 131 -1 810 -1 -1 -1 670 369 -1 848 744 -1 -1 0 -1 -1 231 559 918 43 -1 770 -1 -1 675 128 854 22 -1 
76 677 564 -1 -1 -1 -1 143 -1 -1 536 979 -1 497 896 -1 -1 797 -1 -1 349 551 -1 555 -1 368 600 912 49 100 820 398 326 732 -1 253 -1 142 -1 933 99 -1 304 166 419 -1 394 142 210 -1 -1 365 39 319 -1 901 365 -1 -1 -1 -1 76 -1 -1 833 -1 103 -1 -1 -1 550 880 77 589 515 -1 -1 -1 562 575 860 -1 188 -1 -1 0 385 -1 698 553 510 693 -1 -1 790 -1 130 768 -1 -1 
151 400 -1 -1 -1 -1 -1 -1 -1 748 -1 579 180 649 694 21 351 91 -1 -1 213 -1 125 -1 64 -1 -1 968 -1 444 411 679 -1 461 518 724 -1 -1 11 134 281 -1 -1 822 -1 -1 -1 771 -1 -1 909 -1 969 305 384 895 -1 -1 471 -1 372 329 -1 -1 39 702 246 206 97 -1 -1 326 -1 -1 82 -1 748 173 872 801 -1 891 -1 456 -1 745 0 -1 461 620 -1 -1 -1 -1 610 517 -1 -1 -1 -1 
780 -1 -1 661 189 370 397 -1 -1 929 758 -1 77 629 585 180 -1 -1 93 521 806 773 395 974 334 -1 888 -1 258 967 -1 224 -1 931 -1 -1 19 -1 736 -1 -1 892 -1 627 -1 -1 -1 -1 -1 325 -1 423 -1 -1 -1 -1 -1 -1 521 -1 143 -1 -1 -1 -1 -1 706 150 828 79 236 -1 -1 573 48 -1 839 313 -1 -1 793 510 246 686 -1 202 146 0 251 231 743 -1 754 175 -1 -1 -1 971 700 480 
-1 814 -1 -1 429 498 -1 200 932 380 391 931 -1 697 -1 -1 -1 -1 465 948 -1 -1 916 660 816 212 -1 318 -1 -1 592 713 -1 -1 -1 -1 936 -1 435 118 -1 730 85 393 -1 -1 -1 -1 -1 90 -1 -1 -1 -1 -1 72 -1 631 -1 894 -1 84 -1 -1 296 -1 544 301 -1 -1 388 413 60 145 -1 -1 520 663 535 -1 -1 712 345 206 -1 68 637 146 0 176 238 595 660 940 853 -1 212 -1 952 76 
-1 425 -1 270 -1 756 -1 813 348 -1 -1 -1 -1 -1 951 113 -1 192 -1 -1 -1 -1 -1 689 -1 742 787 891 -1 720 -1 -1 965 821 546 -1 480 -1 627 867 588 810 504 364 -1 -1 -1 82 -1 934 18 535 -1 470 488 991 122 289 623 255 796 900 -1 656 687 -1 507 -1 911 112 899 -1 -1 706 -1 924 -1 574 -1 -1 41 -1 426 -1 881 451 819 -1 472 0 388 -1 587 155 28 670 -1 -1 500 -1 
990 461 230 -1 777 -1 -1 51 -1 -1 -1 -1 -1 -1 466 285 -1 -1 181 -1 -1 625 -1 700 930 708 715 -1 533 -1 -1 -1 -1 990 -1 283 448 966 761 358 -1 967 854 336 -1 673 -1 175 -1 -1 -1 -1 587 -1 -1 -1 -1 559 591 251 -1 671 18 -1 -1 -1 380 -1 -1 -1 -1 160 456 322 -1 -1 -1 291 -1 364 -1 -1 197 161 213 -1 -1 410 618 -1 0 307 507 889 342 103 -1 -1 367 -1 
282 543 460 -1 166 372 249 -1 -1 984 -1 727 495 577 773 991 486 -1 -1 -1 679 -1 168 -1 -1 187 903 921 -1 -1 386 -1 -1 782 631 -1 -1 -1 472 429 559 945 -1 240 -1 -1 256 800 -1 -1 946 977 504 971 363 37 -1 724 582 201 258 906 -1 -1 -1 537 24 64 -1 357 -1 413 899 -1 -1 -1 -1 -1 -1 713 91 690 -1 263 -1 -1 -1 -1 943 518 556 0 -1 44 -1 465 295 24 -1 -1 
449 -1 80 -1 -1 868 -1 -1 858 -1 700 548 -1 -1 518 -1 -1 497 695 -1 584 955 208 228 -1 -1 -1 -1 786 209 -1 992 -1 214 -1 388 730 79 -1 -1 -1 108 -1 609 -1 139 -1 693 -1 -1 -1 -1 -1 -1 -1 201 -1 888 -1 -1 -1 901 -1 -1 -1 101 812 434 424 -1 672 872 580 -1 958 505 665 -1 -1 -1 438 997 200 859 -1 703 -1 123 -1 539 -1 -1 0 648 -1 -1 -1 279 -1 -1 
449 -1 940 294 -1 830 827 -1 -1 642 442 -1 -1 -1 -1 -1 -1 -1 366 642 -1 -1 -1 493 976 -1 565 324 -1 -1 361 -1 -1 -1 -1 786 -1 639 -1 5 970 -1 -1 -1 -1 99 958 -1 205 -1 241 -1 -1 511 -1 974 -1 -1 697 152 276 94 719 55 365 -1 927 96 324 -1 112 -1 197 -1 -1 -1 574 494 835 170 -1 599 566 -1 474 -1 -1 -1 17 -1 335 3 -1 0 180 415 -1 379 -1 420 
11 -1 -1 -1 66 -1 953 772 16 -1 -1 742 -1 424 -1 -1 -1 -1 -1 111 -1 578 981 706 -1 379 -1 -1 486 355 579 43 960 208 291 -1 -1 196 164 304 -1 431 -1 -1 -1 18 -1 823 422 -1 -1 -1 -1 -1 328 -1 891 687 286 -1 133 -1 196 129 -1 266 -1 -1 128 -1 -1 -1 659 998 606 397 517 582 -1 -1 -1 45 -1 654 -1 740 275 884 663 -1 426 688 -1 381 0 -1 770 -1 -1 -1 
305 -1 -1 -1 -1 608 500 -1 -1 -1 671 389 -1 440 962 27 -1 388 431 -1 551 485 -1 -1 474 631 230 -1 -1 -1 488 766 -1 701 125 -1 -1 559 -1 771 -1 353 768 153 -1 101 248 541 -1 781 -1 998 203 328 -1 779 621 974 849 222 -1 -1 -1 -1 164 930 460 -1 -1 -1 -1 -1 -1 -1 603 846 -1 647 -1 871 -1 205 995 490 -1 826 459 995 -1 -1 32 -1 471 743 416 0 -1 413 -1 514 
-1 -1 58 -1 433 1 851 751 -1 314 224 -1 183 553 445 -1 418 613 787 682 -1 -1 212 -1 631 -1 -1 -1 773 -1 110 668 464 715 756 -1 -1 -1 -1 -1 102 -1 961 -1 246 -1 -1 -1 80 207 -1 -1 657 -1 -1 399 211 673 180 447 180 603 863 -1 790 -1 802 -1 -1 518 689 876 0 503 -1 -1 -1 920 -1 -1 -1 -1 811 -1 -1 -1 -1 -1 -1 -1 335 -1 -1 593 32 -1 0 841 -1 -1 
-1 493 -1 -1 -1 -1 502 -1 -1 152 463 3 -1 77 -1 533 -1 -1 -1 629 -1 -1 892 -1 -1 628 -1 120 196 -1 667 -1 762 586 -1 919 -1 454 -1 170 315 -1 -1 209 33 -1 49 782 -1 484 778 317 -1 -1 120 -1 -1 278 -1 -1 -1 11 73 -1 272 -1 -1 -1 319 59 44 118 -1 -1 980 905 965 203 -1 -1 -1 -1 867 820 729 717 845 -1 -1 -1 403 -1 873 828 -1 -1 506 0 -1 282 
157 985 356 575 285 168 770 -1 80 -1 748 357 271 -1 515 680 614 -1 -1 610 189 -1 455 471 910 968 521 -1 409 -1 -1 -1 937 -1 186 110 879 -1 -1 949 -1 -1 -1 199 421 -1 922 169 79 165 -1 -1 79 950 -1 986 -1 -1 -1 -1 642 576 8 -1 -1 505 474 240 -1 839 -1 -1 -1 -1 67 191 711 -1 660 -1 -1 -1 -1 193 -1 -1 -1 513 551 977 14 -1 -1 382 431 -1 -1 -1 0 -1 
955 128 126 926 -1 -1 687 -1 552 864 -1 -1 788 -1 -1 122 -1 -1 641 927 939 457 111 -1 594 88 -1 946 -1 -1 306 908 147 646 -1 -1 -1 285 756 -1 468 -1 -1 797 -1 384 447 854 -1 664 -1 -1 882 752 -1 105 585 968 -1 -1 -1 -1 529 262 -1 -1 716 671 -1 140 -1 556 63 -1 912 933 -1 -1 -1 -1 759 609 -1 -1 684 573 890 -1 -1 78 -1 -1 369 524 -1 -1 -1 939 929 0 
