20 0
0 -1 -1 990 634 165 -1 -1 -1 296 -1 -1 9 220 -1 507 473 -1 -1 463 
994 0 -1 369 547 -1 565 676 -1 341 -1 943 614 -1 -1 -1 452 190 426 129 
-1 551 0 780 -1 -1 19 8 -1 266 -1 -1 -1 -1 -1 292 -1 -1 194 -1 
-1 -1 509 0 944 4 748 -1 946 735 -1 -1 -1 258 301 -1 -1 -1 -1 985 
892 964 371 -1 0 983 -1 528 -1 -1 -1 135 -1 441 438 127 618 -1 -1 172 
615 -1 765 342 -1 0 318 124 -1 -1 957 -1 -1 -1 -1 113 -1 930 -1 692 
-1 24 715 -1 -1 -1 0 -1 372 -1 -1 734 -1 -1 798 775 -1 51 -1 981 
-1 818 321 356 308 -1 272 0 526 415 -1 297 -1 612 579 -1 -1 247 696 -1 
-1 960 929 -1 468 -1 185 202 0 -1 860 -1 73 265 335 913 -1 -1 -1 171 
356 252 447 -1 956 -1 -1 746 -1 0 -1 682 368 -1 -1 564 341 -1 -1 -1 
743 -1 -1 990 -1 -1 -1 701 -1 -1 0 623 499 -1 95 79 814 576 800 -1 
510 -1 -1 820 -1 -1 -1 598 -1 -1 23 0 916 -1 -1 366 -1 645 779 551 
810 837 -1 -1 -1 -1 810 -1 508 582 65 166 0 -1 -1 146 -1 24 130 817 
316 952 -1 36 282 -1 -1 776 -1 -1 28 534 40 0 -1 688 -1 637 -1 -1 
40 -1 -1 -1 470 -1 -1 59 595 903 618 445 657 -1 0 286 704 636 -1 729 
207 -1 -1 364 765 -1 351 62 315 -1 -1 623 833 13 -1 0 222 -1 -1 -1 
28 882 302 461 -1 -1 -1 -1 454 -1 -1 -1 29 -1 669 -1 0 -1 256 782 
255 -1 684 -1 293 -1 -1 918 387 388 971 711 215 -1 -1 -1 203 0 -1 -1 
539 -1 -1 720 -1 -1 456 640 566 641 -1 -1 478 -1 -1 -1 934 -1 0 -1 
905 40 522 873 488 863 -1 -1 938 327 -1 899 -1 -1 -1 668 -1 799 -1 0 
