50 0
0 279 100 -1 -1 771 678 678 -1 -1 640 355 -1 669 112 921 -1 133 999 184 835 680 986 346 3 -1 301 -1 -1 -1 833 636 784 860 -1 -1 246 386 -1 453 -1 -1 975 -1 15 141 -1 984 -1 786 
989 0 -1 -1 68 350 -1 -1 172 -1 579 765 -1 -1 -1 960 -1 -1 75 -1 -1 199 -1 365 -1 246 -1 -1 256 -1 911 367 -1 -1 -1 435 -1 -1 -1 238 -1 -1 351 -1 531 -1 323 75 477 133 
-1 970 0 395 -1 -1 -1 61 205 -1 143 672 -1 -1 395 570 444 -1 -1 -1 -1 200 254 84 270 -1 -1 -1 536 -1 166 662 273 978 300 849 -1 -1 135 -1 -1 -1 -1 -1 -1 -1 48 -1 650 -1 
640 -1 -1 0 -1 -1 397 686 -1 619 -1 38 958 997 -1 -1 -1 -1 253 942 -1 304 257 383 131 222 878 -1 -1 442 673 -1 844 765 -1 -1 -1 682 -1 -1 -1 207 951 -1 -1 -1 -1 228 801 631 
-1 965 231 -1 0 -1 718 -1 590 242 -1 -1 -1 28 22 -1 7 217 165 19 24 -1 591 278 409 -1 823 513 -1 -1 474 755 853 692 762 -1 186 340 357 440 -1 -1 980 -1 -1 -1 779 -1 275 -1 
-1 -1 530 533 698 0 -1 742 940 50 -1 -1 -1 -1 918 -1 -1 -1 -1 812 788 -1 811 591 731 -1 -1 -1 127 470 111 198 -1 -1 168 351 577 -1 -1 920 -1 -1 -1 560 444 -1 900 761 -1 -1 
-1 870 583 959 704 303 0 21 -1 744 -1 -1 -1 63 906 957 -1 -1 34 337 892 697 550 804 -1 -1 -1 -1 24 -1 -1 -1 -1 632 -1 314 113 36 852 691 71 162 -1 -1 151 -1 414 -1 182 41 
-1 603 387 994 353 -1 304 0 21 -1 93 81 -1 934 384 926 197 981 -1 421 -1 995 -1 -1 -1 846 -1 -1 -1 997 -1 589 527 136 994 -1 704 -1 785 -1 970 188 -1 -1 -1 466 322 -1 466 747 
-1 809 -1 -1 633 403 -1 173 0 805 -1 18 317 461 515 -1 -1 44 -1 -1 130 398 195 555 994 424 772 -1 16 715 648 -1 831 -1 778 781 621 518 764 -1 -1 -1 -1 0 460 -1 639 -1 -1 83 
-1 984 630 -1 371 9 -1 132 502 0 200 -1 -1 856 -1 470 -1 -1 -1 -1 33 -1 542 -1 419 -1 846 -1 785 821 551 203 314 67 -1 713 670 -1 -1 246 389 115 634 -1 -1 788 -1 -1 -1 -1 
-1 -1 739 336 61 396 -1 -1 762 -1 0 -1 118 559 322 -1 114 219 284 -1 186 -1 -1 -1 -1 -1 569 470 -1 221 92 -1 -1 -1 -1 362 -1 943 922 830 411 -1 -1 118 -1 -1 -1 327 -1 64 
-1 490 -1 817 647 286 8 844 683 -1 354 0 -1 950 300 769 -1 455 -1 80 59 8 -1 -1 144 -1 -1 550 416 428 -1 -1 427 91 901 483 -1 706 -1 -1 556 -1 -1 351 256 404 -1 337 452 -1 
768 107 -1 -1 556 771 104 -1 -1 -1 539 917 0 -1 -1 -1 -1 416 471 404 -1 -1 211 92 735 -1 -1 -1 882 708 -1 935 224 -1 -1 697 -1 -1 990 801 -1 349 -1 -1 -1 -1 -1 740 -1 -1 
-1 -1 696 800 -1 -1 239 794 734 -1 -1 -1 -1 0 -1 924 -1 -1 511 -1 -1 375 -1 -1 106 -1 341 -1 426 796 506 125 -1 753 159 444 -1 -1 84 247 136 -1 693 -1 710 696 -1 -1 24 630 
-1 -1 825 7 563 667 -1 -1 572 489 -1 -1 873 999 0 820 -1 823 891 524 195 363 661 -1 936 597 -1 -1 703 598 -1 404 90 926 478 -1 74 322 686 972 666 708 350 600 -1 -1 456 -1 -1 -1 
-1 -1 -1 754 117 -1 128 411 821 -1 917 -1 389 -1 -1 0 -1 -1 -1 -1 568 973 393 -1 337 -1 64 -1 538 -1 464 531 586 -1 -1 -1 72 -1 -1 612 499 -1 -1 75 534 -1 129 508 806 105 
-1 730 -1 401 819 854 685 -1 2 -1 -1 50 -1 626 -1 523 0 566 201 -1 -1 -1 463 54 -1 -1 -1 525 993 -1 940 -1 955 231 -1 326 -1 572 41 -1 -1 859 -1 723 649 -1 -1 -1 -1 762 
-1 287 -1 311 -1 -1 -1 942 578 31 394 -1 572 -1 798 -1 226 0 -1 -1 -1 -1 -1 489 -1 -1 838 797 -1 -1 -1 556 636 -1 843 -1 -1 431 64 -1 648 276 -1 921 -1 -1 -1 -1 -1 -1 
-1 -1 -1 445 -1 394 29 479 100 -1 30 393 -1 -1 916 514 531 649 0 630 56 -1 449 -1 -1 -1 -1 -1 -1 -1 648 596 -1 614 236 -1 650 0 800 173 111 577 -1 -1 -1 158 473 602 -1 -1 
773 39 908 935 856 551 300 328 377 -1 -1 -1 -1 -1 -1 996 850 -1 513 0 -1 48 271 97 -1 -1 -1 144 -1 -1 245 -1 -1 903 144 -1 -1 -1 357 213 -1 668 -1 467 116 572 891 635 -1 683 
-1 -1 391 50 -1 264 514 -1 736 -1 -1 -1 976 988 488 553 -1 649 668 -1 0 346 -1 180 -1 -1 488 -1 -1 215 109 -1 -1 -1 301 -1 -1 255 -1 965 311 114 288 -1 523 -1 -1 -1 344 -1 
-1 -1 -1 -1 -1 -1 82 -1 -1 835 885 -1 -1 849 -1 -1 -1 -1 -1 556 77 0 -1 628 188 124 294 -1 289 904 -1 679 -1 818 -1 -1 58 -1 741 -1 592 -1 110 864 -1 -1 -1 -1 593 -1 
747 308 486 -1 -1 -1 234 -1 -1 -1 258 -1 749 966 -1 -1 -1 439 425 -1 -1 -1 0 -1 964 721 315 -1 -1 139 848 721 679 562 -1 -1 -1 202 521 935 277 145 -1 101 344 925 -1 -1 -1 -1 
-1 316 549 448 58 158 821 -1 394 96 -1 65 472 566 508 -1 700 655 -1 -1 125 -1 604 0 -1 610 868 -1 841 -1 557 58 842 1 357 -1 435 723 260 -1 317 -1 109 923 -1 324 -1 -1 -1 -1 
-1 632 -1 -1 519 0 -1 199 893 -1 -1 14 -1 250 941 -1 814 728 -1 544 3 -1 -1 935 0 -1 662 70 552 456 -1 -1 77 -1 -1 -1 113 254 -1 -1 -1 264 -1 830 -1 183 624 470 -1 534 
816 384 260 843 400 437 -1 214 -1 664 197 -1 -1 983 586 -1 -1 -1 -1 -1 -1 -1 220 -1 989 0 -1 537 620 918 623 329 -1 -1 454 644 -1 380 -1 68 -1 925 113 560 433 362 560 -1 -1 135 
-1 -1 440 348 -1 -1 791 -1 -1 -1 -1 382 -1 -1 -1 306 -1 -1 159 620 326 -1 -1 -1 596 550 0 -1 -1 877 7 37 -1 836 -1 -1 -1 189 893 229 -1 281 311 -1 -1 -1 66 -1 746 591 
-1 558 -1 645 -1 -1 -1 778 869 947 14 -1 264 -1 -1 385 -1 -1 6 408 20 111 -1 838 -1 -1 -1 0 898 597 -1 -1 -1 -1 967 332 162 856 271 -1 -1 612 88 -1 896 841 823 521 643 -1 
-1 341 265 -1 257 -1 560 -1 -1 341 -1 610 -1 686 962 -1 953 -1 865 234 -1 -1 990 -1 -1 217 523 849 0 -1 334 486 -1 283 235 576 692 -1 -1 -1 -1 868 -1 286 953 -1 -1 -1 -1 -1 
-1 -1 973 -1 -1 -1 679 651 -1 318 857 -1 -1 -1 721 -1 628 435 140 654 -1 -1 866 569 -1 -1 -1 459 -1 0 -1 -1 -1 -1 -1 884 380 -1 -1 -1 207 879 -1 -1 232 -1 692 312 -1 -1 
891 -1 -1 488 -1 442 -1 61 556 267 -1 911 927 -1 -1 60 -1 714 734 571 39 -1 -1 588 -1 -1 -1 780 933 546 0 -1 -1 -1 689 -1 156 135 -1 675 -1 792 -1 195 -1 -1 699 402 372 559 
-1 -1 -1 -1 -1 -1 -1 -1 765 639 -1 -1 802 -1 -1 812 351 -1 374 -1 -1 -1 603 91 144 446 584 721 -1 20 -1 0 -1 524 572 902 645 511 677 -1 333 -1 -1 586 540 -1 809 -1 935 -1 
-1 -1 -1 765 -1 170 -1 -1 -1 -1 5 -1 -1 -1 554 -1 483 301 660 33 -1 538 395 849 -1 463 977 180 663 448 625 -1 0 -1 -1 710 -1 -1 -1 -1 518 -1 -1 -1 -1 986 -1 -1 -1 573 
-1 360 427 -1 526 904 -1 -1 -1 3 -1 706 -1 843 -1 706 -1 944 478 -1 -1 -1 814 46 -1 -1 843 -1 -1 428 917 555 -1 0 -1 -1 -1 2 -1 -1 -1 -1 -1 -1 751 912 -1 50 -1 786 
-1 2 -1 90 309 -1 -1 -1 -1 780 -1 -1 -1 -1 852 -1 49 98 847 20 488 -1 -1 639 72 -1 857 884 -1 689 982 -1 216 242 0 -1 937 273 -1 -1 -1 954 -1 -1 299 829 369 503 668 -1 
253 411 -1 264 -1 -1 -1 -1 -1 -1 -1 616 894 -1 92 -1 934 -1 855 287 -1 -1 502 522 -1 326 -1 830 -1 -1 851 308 -1 98 747 0 133 218 -1 972 -1 58 371 335 594 622 -1 -1 27 -1 
307 -1 774 -1 -1 691 -1 -1 689 890 -1 471 211 980 -1 -1 -1 -1 294 781 703 220 -1 326 -1 839 -1 381 -1 157 329 -1 -1 41 -1 84 0 -1 156 103 -1 470 503 272 123 931 158 531 -1 -1 
119 -1 -1 986 -1 331 854 710 -1 595 -1 780 -1 920 800 -1 750 790 365 413 344 906 -1 906 -1 -1 468 971 466 -1 -1 841 -1 -1 182 523 -1 0 341 617 149 593 -1 457 968 567 203 53 -1 -1 
-1 184 278 -1 -1 702 627 -1 700 741 -1 -1 -1 246 924 863 830 915 162 -1 684 483 968 897 -1 602 -1 -1 276 317 -1 799 904 -1 -1 222 -1 362 0 549 -1 -1 -1 -1 -1 486 -1 -1 103 548 
-1 -1 927 518 261 -1 -1 -1 -1 -1 -1 -1 845 -1 981 -1 -1 275 716 242 -1 -1 -1 101 120 -1 692 -1 644 859 -1 -1 -1 933 86 -1 417 379 -1 0 -1 187 445 651 702 -1 -1 -1 -1 -1 
-1 -1 222 -1 167 -1 248 705 472 20 -1 839 -1 -1 -1 357 981 -1 952 -1 440 669 353 -1 383 22 28 619 -1 -1 283 -1 660 -1 990 -1 996 -1 -1 616 0 660 -1 -1 552 -1 -1 -1 52 -1 
472 229 -1 60 676 -1 -1 96 606 -1 644 8 133 144 -1 171 484 922 -1 254 865 926 783 -1 260 -1 78 -1 915 683 -1 -1 -1 -1 933 174 -1 -1 496 -1 399 0 548 -1 166 -1 -1 947 710 830 
720 795 231 -1 782 836 -1 750 -1 -1 473 840 396 -1 -1 -1 28 401 784 578 992 936 788 -1 327 -1 90 -1 -1 405 529 721 536 119 493 636 242 -1 -1 120 -1 -1 0 773 342 684 429 -1 -1 718 
94 -1 -1 790 -1 -1 699 -1 354 -1 618 -1 -1 -1 93 -1 415 107 -1 -1 -1 890 574 426 -1 213 361 672 829 808 -1 -1 -1 -1 -1 910 -1 352 -1 -1 -1 918 -1 0 -1 -1 181 329 654 0 
4 -1 6 985 -1 -1 881 -1 -1 307 500 463 -1 -1 -1 -1 908 862 185 -1 864 -1 431 -1 661 -1 17 200 979 143 -1 -1 912 -1 -1 51 -1 916 677 708 -1 783 427 367 0 -1 257 854 624 885 
-1 -1 -1 -1 856 895 -1 -1 -1 169 -1 776 998 48 -1 -1 -1 -1 -1 667 82 667 -1 -1 473 668 596 -1 -1 -1 -1 -1 50 367 -1 270 -1 -1 -1 -1 -1 984 -1 -1 979 0 -1 555 -1 -1 
677 -1 -1 316 -1 776 -1 643 813 945 -1 89 -1 582 -1 -1 -1 592 -1 382 839 -1 419 782 907 -1 758 568 -1 -1 556 717 -1 -1 836 -1 518 -1 920 858 -1 448 -1 425 865 -1 0 661 139 757 
-1 871 114 60 262 577 -1 -1 -1 -1 843 -1 -1 -1 -1 -1 646 440 -1 401 608 -1 -1 120 106 -1 -1 -1 727 -1 -1 -1 -1 402 853 -1 -1 80 725 -1 -1 -1 -1 -1 982 -1 -1 0 -1 -1 
-1 854 797 -1 959 838 848 -1 210 -1 -1 91 425 -1 -1 142 655 -1 -1 -1 -1 -1 45 208 -1 219 547 -1 405 650 -1 -1 -1 -1 854 -1 -1 -1 275 991 -1 -1 -1 216 627 -1 96 -1 0 -1 
-1 -1 -1 -1 -1 -1 0 -1 210 -1 -1 679 217 636 -1 -1 886 -1 -1 -1 -1 -1 805 113 -1 837 765 -1 939 306 454 -1 -1 859 363 162 746 816 -1 43 926 854 37 -1 10 692 916 -1 411 0 
