100 0
0 504 851 317 678 701 444 914 839 968 751 970 922 967 75 372 923 747 589 929 243 109 463 587 468 569 922 345 648 509 515 161 37 106 281 461 211 890 245 982 155 856 208 35 577 906 872 139 411 66 354 982 864 736 601 615 482 745 661 180 819 795 668 252 211 974 845 855 752 204 879 634 51 912 574 320 433 27 998 761 599 554 621 174 877 776 485 682 508 250 303 594 215 166 24 598 717 594 95 605 
109 0 380 736 205 403 728 344 673 650 894 888 990 880 253 810 78 595 830 549 889 583 387 654 285 344 121 928 140 691 480 126 851 458 783 709 303 670 434 109 271 189 422 926 607 411 497 525 648 162 948 790 707 284 898 377 197 629 208 502 169 115 941 971 507 400 505 875 89 12 167 373 986 533 236 588 920 952 215 27 799 414 97 191 741 210 396 495 98 952 726 948 935 821 549 267 968 339 529 615 
772 547 0 397 113 626 462 85 8 193 797 710 878 218 957 50 508 806 499 874 745 80 876 723 339 119 736 364 667 242 98 310 469 746 61 818 284 642 912 566 170 850 235 16 181 711 759 424 299 604 978 274 735 133 640 617 968 86 274 5 465 399 626 421 35 746 661 693 124 723 31 633 315 239 618 368 816 813 30 169 352 607 858 848 223 121 585 890 549 465 269 748 513 485 464 103 704 847 21 735 
838 12 19 0 137 156 532 651 33 649 64 559 135 438 300 375 36 988 715 479 352 541 188 590 71 819 175 844 807 278 904 630 886 61 905 775 285 281 513 935 625 119 296 501 990 60 426 38 84 584 178 261 324 502 974 194 538 496 279 198 82 596 783 643 916 715 554 357 65 318 183 797 821 674 367 954 221 155 866 664 152 977 526 179 768 223 137 186 936 665 84 646 380 219 520 578 142 134 450 546 
821 908 40 758 0 131 517 950 761 686 252 13 214 313 357 330 288 909 870 254 652 666 653 234 995 643 436 195 233 630 80 910 273 937 341 972 58 870 19 959 908 759 484 387 739 770 123 229 331 69 325 391 705 746 643 753 936 340 934 401 961 984 449 940 857 229 379 242 422 51 585 45 338 983 335 106 254 549 40 62 768 324 65 529 149 53 234 126 430 516 228 760 335 925 619 687 259 487 628 992 
249 604 216 304 401 0 683 706 577 316 354 240 898 747 156 727 130 851 499 799 232 683 948 563 712 481 577 983 599 687 754 273 987 664 100 705 413 177 332 979 960 698 602 721 529 349 273 899 222 171 3 320 705 19 694 948 405 429 403 770 301 344 547 873 785 74 562 529 89 934 502 700 938 620 783 439 974 830 942 288 294 431 399 175 617 708 361 47 563 724 322 971 465 738 829 91 369 583 685 199 
605 322 649 544 678 225 0 575 546 649 104 249 29 600 513 117 395 230 963 324 753 940 680 706 845 16 329 21 686 920 271 403 911 877 891 120 364 225 613 837 435 992 442 409 76 714 732 572 721 87 6 54 38 177 365 676 593 677 991 339 42 146 207 610 924 471 207 788 650 585 323 739 586 242 700 966 869 306 666 803 676 498 865 461 588 748 181 494 283 604 517 997 640 617 450 58 710 812 809 45 
993 782 637 218 926 254 101 0 53 861 177 336 2 250 921 585 105 569 447 123 288 765 731 970 955 758 601 135 197 179 278 635 838 57 635 115 195 283 215 898 490 945 287 804 317 283 976 398 668 365 832 801 229 851 74 806 734 715 80 178 910 119 489 913 345 586 458 755 35 792 438 531 145 560 313 372 805 403 526 85 825 116 485 436 200 775 265 540 89 243 612 384 853 714 91 583 342 214 653 544 
712 819 741 557 834 482 581 289 0 540 948 266 88 976 988 699 425 596 308 602 993 873 891 112 56 872 386 433 128 775 595 25 4 298 379 144 234 906 904 967 265 345 938 545 491 268 918 642 499 991 390 651 120 956 665 19 472 212 729 630 797 963 576 578 259 544 177 53 615 306 69 152 929 643 978 806 722 840 237 589 638 791 633 475 955 424 677 129 96 564 290 955 110 968 826 622 202 922 802 640 
136 802 352 996 121 690 53 98 757 0 472 583 909 579 234 737 944 161 303 812 2 874 640 38 648 27 688 990 458 847 380 629 234 772 826 510 76 187 388 574 837 327 820 862 534 298 407 606 160 61 964 714 23 830 420 198 577 104 297 715 518 281 128 650 15 733 273 213 912 774 339 730 295 965 394 713 845 31 243 899 217 978 500 915 594 471 678 30 980 191 244 52 894 624 915 406 780 247 178 231 
329 797 281 150 714 52 363 920 391 713 0 949 434 657 716 907 274 833 434 876 550 773 369 506 437 359 553 602 990 959 752 458 98 882 650 274 468 308 994 799 584 615 653 83 758 433 413 790 983 250 420 807 727 91 100 83 329 831 477 333 302 917 791 515 374 907 819 247 772 876 53 731 245 947 996 915 425 789 624 982 128 635 931 509 262 13 424 10 360 895 295 674 444 999 926 819 204 508 961 854 
139 280 818 909 766 639 737 878 91 653 108 0 643 994 627 331 921 75 371 645 500 671 614 187 20 624 457 450 799 314 877 547 328 467 964 433 623 794 858 26 13 529 278 139 622 796 872 55 430 209 330 246 590 71 721 167 823 401 179 192 500 170 921 658 89 552 187 872 871 100 128 62 783 741 373 435 644 858 611 729 996 687 747 114 53 587 330 258 345 610 335 369 236 591 306 992 594 815 861 304 
844 938 140 456 497 595 510 470 207 997 283 482 0 788 886 260 725 842 31 288 373 445 872 143 432 414 289 819 583 879 874 504 628 702 351 148 141 258 383 352 398 244 496 980 442 424 197 822 995 705 672 452 165 799 431 684 870 148 34 435 704 922 210 491 677 486 836 786 762 904 484 369 188 192 394 130 277 914 247 249 799 426 72 116 559 688 402 51 27 29 284 431 636 36 47 854 484 297 800 893 
201 837 269 828 752 983 91 685 410 828 390 637 217 0 307 71 696 863 301 952 744 242 215 728 584 3 7 355 405 249 91 972 179 46 847 314 137 300 782 909 944 625 974 319 378 100 191 148 300 399 322 388 126 645 171 318 823 963 528 845 19 616 985 580 479 782 688 347 393 200 632 601 538 844 912 857 285 969 303 759 863 23 199 914 999 427 987 169 781 866 826 808 380 994 428 418 473 438 257 389 
131 752 743 891 683 871 922 61 467 97 316 48 800 847 0 774 439 147 546 787 429 80 715 188 127 206 493 52 44 747 727 441 682 764 538 971 477 266 401 251 897 383 1 253 634 977 977 590 114 302 187 469 227 462 681 357 800 140 240 273 328 85 511 863 515 614 561 429 634 97 166 687 738 520 61 302 617 904 61 969 135 327 991 928 798 535 813 707 99 992 246 135 434 728 287 865 636 638 274 664 
844 923 186 806 397 543 117 335 518 841 552 585 645 759 638 0 383 788 882 489 909 48 631 308 193 35 450 357 496 422 293 560 940 848 902 10 93 220 37 829 498 408 450 841 991 450 369 266 350 939 207 54 168 718 515 973 923 559 680 489 267 341 599 925 970 738 503 216 290 567 935 457 703 355 871 218 607 691 860 910 907 616 627 156 373 526 883 196 578 960 317 646 231 191 557 480 910 794 143 102 
391 589 460 721 329 356 637 459 640 974 812 207 14 620 448 531 0 407 237 972 757 844 741 372 480 414 589 432 267 599 606 627 790 740 360 514 686 194 186 884 433 857 482 986 789 204 16 680 29 543 63 970 163 191 956 263 159 597 341 617 278 706 730 403 314 772 814 113 32 255 662 299 645 725 792 649 760 846 814 783 699 256 720 315 826 615 253 202 649 13 466 742 33 563 304 498 235 693 178 499 
227 706 332 80 470 18 525 899 987 933 373 462 742 986 991 734 832 0 682 272 1 633 305 912 743 229 126 726 709 783 517 223 458 930 675 991 151 317 741 119 776 849 733 485 763 647 238 193 160 979 165 955 369 526 392 432 753 525 792 876 559 629 928 391 361 248 893 898 907 150 861 368 391 855 618 687 268 541 774 646 578 773 430 343 33 668 225 580 775 787 136 779 304 316 837 699 574 380 678 141 
48 153 528 102 92 284 134 546 767 422 881 888 104 859 863 130 627 307 0 924 271 839 369 750 709 726 255 878 483 997 233 360 127 233 584 91 418 89 413 583 0 697 901 775 213 562 998 760 72 747 359 120 427 522 3 231 24 259 174 488 37 215 942 792 480 374 67 478 900 677 270 961 546 288 53 613 592 561 213 677 21 982 934 617 898 910 635 154 418 348 990 241 338 698 464 987 937 463 518 543 
0 193 276 565 107 347 6 520 894 808 313 325 1 965 646 394 556 826 823 0 160 174 923 45 885 525 261 811 942 915 341 534 920 36 934 78 638 894 271 413 161 777 295 834 578 799 83 729 772 779 307 980 452 52 594 479 634 160 621 749 407 123 712 702 223 503 62 579 14 267 48 717 60 607 890 947 307 675 91 586 829 813 514 316 272 593 332 388 499 744 642 62 344 708 989 769 482 431 12 942 
574 617 650 296 651 9 26 659 500 936 788 918 466 547 567 211 396 920 182 820 0 741 559 450 242 819 285 504 264 435 890 655 770 464 569 749 732 816 525 958 288 97 531 114 823 676 532 453 624 389 712 185 727 433 339 701 527 271 427 825 576 919 71 39 9 117 537 899 478 734 805 163 875 512 111 344 574 782 328 235 136 346 297 624 852 201 822 765 718 274 429 683 341 422 164 156 146 329 533 179 
974 111 740 174 343 991 639 239 195 947 661 30 514 974 815 656 80 540 418 675 720 0 373 712 662 739 206 797 565 233 288 858 563 908 185 973 941 483 843 898 425 890 419 907 160 671 303 994 293 72 286 315 476 199 385 437 646 152 998 719 186 935 1 349 195 149 58 153 294 602 916 844 866 321 793 821 399 408 264 157 785 823 9 195 21 174 6 387 744 881 74 431 581 613 178 361 949 266 144 932 
925 696 60 975 661 116 883 939 990 290 139 394 489 969 946 112 916 380 995 707 317 461 0 944 10 970 233 918 116 836 643 676 926 413 282 808 566 355 623 81 558 943 356 17 172 242 286 755 436 762 861 84 552 270 403 213 216 926 336 991 410 139 316 181 514 188 365 205 570 119 315 967 43 483 667 155 994 636 353 775 580 310 260 951 929 361 421 690 420 323 55 147 184 552 576 77 420 933 590 158 
864 512 403 292 173 98 745 74 657 604 310 180 464 117 225 302 435 985 330 872 916 131 781 0 0 311 377 215 165 982 422 910 68 423 219 595 662 393 235 521 805 625 296 858 829 538 994 630 932 996 891 59 299 247 915 813 276 999 88 204 908 551 67 178 304 936 335 36 193 241 811 710 634 461 269 801 246 98 350 71 596 726 746 674 421 530 750 186 642 640 218 494 568 551 55 911 181 291 520 674 
666 559 338 308 480 652 533 589 573 777 138 248 206 227 364 711 180 211 1 296 473 493 936 188 0 470 775 652 114 170 452 329 795 281 841 274 647 104 778 964 359 700 378 213 666 751 241 807 640 674 119 348 705 121 589 723 154 546 882 369 215 37 844 777 242 308 90 580 130 148 521 993 868 746 571 910 422 967 568 324 310 540 249 654 614 262 247 194 995 610 528 54 265 625 778 499 872 589 542 285 
314 770 325 905 521 597 30 566 853 32 990 716 564 483 717 591 80 92 567 299 292 432 368 241 590 0 651 550 16 844 825 315 506 602 843 338 324 257 70 574 202 349 96 201 702 41 267 697 535 358 265 333 804 344 375 414 128 366 652 432 973 480 249 16 2 449 664 741 495 676 446 752 174 7 378 414 577 757 550 746 248 637 163 29 146 958 822 120 320 725 903 798 871 802 638 917 716 665 814 67 
63 700 988 578 274 435 751 406 961 214 615 571 850 590 383 497 628 754 532 378 777 885 933 328 757 530 0 48 529 881 612 318 402 272 517 575 349 861 295 520 643 479 564 700 601 575 200 548 682 3 242 757 478 430 440 62 511 169 966 134 214 653 847 706 850 822 394 540 384 905 278 852 419 38 437 227 229 262 388 811 524 21 937 248 878 344 891 713 780 800 765 486 466 853 659 59 749 292 227 180 
707 457 29 255 310 805 707 140 825 64 345 879 424 391 437 700 852 471 312 26 532 759 738 809 157 850 369 0 576 269 967 921 270 660 522 555 178 528 386 262 434 592 363 938 61 507 47 54 77 251 583 543 764 549 914 367 320 701 978 624 296 868 4 104 381 595 941 685 308 327 431 88 401 765 276 819 155 396 831 301 492 848 536 618 63 258 622 69 554 578 108 927 684 16 438 246 133 492 451 505 
538 971 402 73 319 66 870 543 341 114 980 242 692 412 842 136 767 725 807 25 756 648 495 736 875 280 806 43 0 893 404 247 940 424 18 679 286 30 315 680 967 674 209 2 948 636 338 108 492 53 861 56 167 696 5 922 703 771 852 297 994 227 984 173 989 899 50 894 866 861 946 339 146 430 827 120 292 278 397 302 532 293 701 518 43 55 574 462 261 585 315 26 118 401 346 643 316 361 194 755 
16 411 549 543 884 238 782 371 5 367 604 513 514 688 909 650 522 117 539 786 274 737 946 104 12 837 447 139 697 0 8 165 391 829 991 81 642 648 656 777 251 629 670 3 624 625 267 302 540 554 902 718 784 621 143 46 761 669 616 485 174 13 715 604 617 106 456 52 707 707 149 922 689 251 70 933 747 843 92 340 513 890 383 689 502 175 159 338 591 2 756 677 706 32 243 217 361 854 321 345 
270 635 439 777 479 32 166 817 232 808 122 231 325 930 649 399 735 268 443 68 796 71 33 117 529 207 743 35 281 978 0 890 57 831 706 427 467 728 722 305 472 935 540 797 139 323 211 753 102 601 20 295 58 948 15 981 508 682 747 307 328 229 789 842 754 167 913 798 640 556 895 69 297 43 887 158 56 117 549 2 200 588 885 478 657 437 215 959 681 78 924 411 948 272 278 950 949 229 635 698 
121 586 827 125 106 246 21 375 834 449 117 592 251 749 81 910 605 832 526 412 552 440 503 956 381 964 526 6 952 833 657 0 253 62 696 831 896 328 882 648 813 343 582 878 828 718 829 689 587 440 735 210 280 86 528 70 332 96 861 577 224 824 6 557 944 60 452 386 356 75 337 261 604 500 340 995 497 540 324 316 49 110 58 114 337 338 329 193 450 680 23 263 646 468 915 962 769 105 702 750 
722 264 428 711 673 592 410 208 968 805 159 884 404 82 493 955 331 608 606 545 38 215 25 324 558 754 916 829 407 349 289 851 0 781 366 540 450 118 181 887 969 427 215 815 638 162 514 187 685 212 532 796 288 203 101 470 663 610 352 461 62 96 377 680 986 884 319 153 692 337 795 467 644 555 399 978 62 544 328 14 272 368 852 695 489 821 948 298 340 155 107 258 762 624 396 255 859 757 207 170 
317 810 556 590 626 917 701 192 766 524 760 256 311 973 307 469 275 621 630 476 228 598 76 666 471 334 57 317 232 422 484 350 199 0 153 373 236 861 362 879 417 219 966 756 451 301 4 526 63 998 606 883 154 941 61 651 475 481 782 551 13 615 969 322 220 39 534 353 349 556 752 572 768 98 684 564 151 536 80 813 494 702 174 579 154 901 632 454 660 763 515 336 541 30 966 99 137 294 209 61 
830 533 216 437 340 88 304 453 820 212 950 207 994 971 125 650 724 751 318 701 394 763 118 520 566 175 181 879 251 738 307 768 416 919 0 890 969 201 52 701 751 691 293 482 446 322 446 377 759 448 930 605 585 522 680 146 434 780 944 328 964 86 604 966 353 898 631 911 399 362 176 32 253 422 352 327 715 900 599 109 470 126 906 53 25 151 168 186 420 349 455 68 16 400 547 763 720 921 408 618 
233 612 722 757 978 381 403 658 500 270 829 555 259 967 771 978 635 28 716 668 740 699 448 134 310 874 32 170 717 852 929 955 405 53 33 0 867 963 53 969 774 111 562 218 268 488 685 655 19 160 124 982 661 31 907 718 221 505 564 374 425 149 129 82 919 355 382 336 81 739 506 773 715 473 460 506 193 629 463 314 924 581 56 739 907 515 908 290 44 691 381 641 778 930 852 883 709 962 237 588 
991 571 912 507 851 185 243 960 574 146 866 608 472 694 18 958 809 303 599 961 590 680 947 3 803 440 760 606 359 606 514 934 85 195 95 979 0 479 208 921 34 505 134 259 351 766 242 537 56 157 418 461 309 823 773 439 357 609 556 19 755 781 75 745 692 685 736 175 367 848 475 905 587 978 676 698 451 80 440 272 365 961 892 531 934 622 471 525 687 329 100 123 435 657 829 586 838 964 825 674 
655 324 454 838 854 98 815 570 342 277 558 779 339 732 818 98 709 119 234 88 811 473 904 563 552 656 919 895 777 427 701 478 149 979 345 152 811 0 157 48 537 389 315 201 533 509 783 370 345 363 670 996 909 58 620 281 636 644 524 596 626 776 85 630 752 75 163 941 28 250 30 452 459 891 131 751 729 289 406 5 685 199 642 838 8 97 237 141 228 24 479 493 70 740 224 445 725 49 887 766 
595 325 943 217 17 166 873 619 476 285 551 378 460 615 484 262 281 840 686 75 46 864 406 651 288 976 493 247 190 731 310 900 912 159 424 215 713 435 0 367 587 11 584 885 882 166 995 160 482 209 784 19 272 780 444 273 690 565 781 119 48 810 781 143 236 597 319 112 66 446 88 582 344 148 390 159 230 308 476 947 503 847 180 220 174 224 627 123 265 635 399 424 329 463 100 970 519 820 370 419 
8 998 728 237 394 847 868 862 316 888 160 295 153 576 950 33 909 242 244 342 182 972 809 797 212 258 701 894 88 582 820 962 560 27 59 284 353 365 145 0 212 186 939 384 830 26 375 202 939 195 211 379 133 115 794 781 988 313 350 52 576 765 381 165 131 811 598 833 657 878 26 705 937 207 581 409 915 661 211 134 617 59 773 594 560 823 940 621 14 423 538 939 331 99 550 74 913 792 846 450 
326 193 380 45 487 821 234 214 836 598 616 723 848 485 403 221 624 937 557 61 961 943 554 502 683 440 118 423 218 552 137 88 457 674 389 145 295 647 788 504 0 902 665 824 30 613 905 339 843 931 170 790 27 553 387 915 959 671 187 949 223 186 390 120 824 857 768 981 287 971 487 83 732 882 524 855 688 986 810 780 790 618 789 563 285 337 412 956 331 849 32 490 867 144 18 139 480 610 728 565 
631 671 767 794 856 715 194 188 693 128 505 457 961 845 90 463 994 986 540 848 424 697 926 367 675 702 140 857 207 855 650 189 587 565 462 340 989 793 689 305 831 0 449 581 673 752 939 454 852 789 641 484 75 446 821 907 355 100 601 211 125 13 242 829 106 71 558 485 781 801 56 520 62 279 441 61 923 285 318 46 527 544 598 701 893 210 211 681 451 949 374 312 777 516 228 676 465 255 781 873 
822 373 97 874 967 97 907 784 563 879 856 477 123 485 718 387 549 540 823 999 61 239 117 562 595 529 573 659 41 56 462 872 836 70 713 364 136 964 456 407 830 46 0 796 567 795 122 864 9 379 347 742 579 155 51 346 953 503 58 328 707 444 567 526 259 953 285 909 58 0 822 217 646 509 802 564 239 397 505 142 285 336 732 959 155 664 191 811 975 271 826 245 431 20 67 179 892 478 892 160 
74 199 859 996 318 225 420 214 278 612 345 490 172 726 394 11 563 784 741 410 832 688 894 339 913 601 215 759 889 179 297 396 601 201 201 94 784 670 252 762 268 791 378 0 108 720 62 771 259 775 432 13 434 247 36 820 947 449 367 501 560 441 306 922 55 620 48 325 903 508 204 356 42 928 830 125 771 174 476 904 839 340 682 506 470 680 556 470 336 132 793 243 409 413 375 779 511 785 355 423 
649 279 976 637 895 616 532 572 854 906 144 541 251 928 702 553 428 693 859 863 284 976 76 444 254 463 882 370 390 222 8 180 445 678 457 405 308 305 580 6 453 849 106 711 0 361 788 885 355 602 610 740 604 898 268 893 930 371 346 160 667 502 69 499 876 769 209 516 999 196 139 601 868 982 458 7 660 692 409 648 680 547 899 802 430 97 462 215 788 543 808 207 538 937 636 343 460 883 534 444 
646 613 602 80 453 888 208 52 796 671 699 572 212 790 428 766 322 246 483 274 860 422 518 298 404 611 600 315 667 664 947 618 518 102 189 16 429 85 502 750 582 840 120 577 350 0 104 349 316 123 231 458 778 61 298 694 890 33 857 547 312 300 802 622 936 401 536 661 505 843 718 249 973 552 50 979 517 525 612 999 742 646 814 837 800 844 235 821 19 998 81 408 258 19 249 964 249 740 588 654 
897 308 917 934 769 953 51 488 532 218 957 383 711 448 646 442 992 175 824 401 578 644 122 679 854 574 836 407 353 150 504 192 835 248 896 90 11 906 660 696 725 642 219 141 830 250 0 554 402 322 931 528 604 382 554 551 505 483 60 209 645 710 425 780 715 127 744 225 922 796 598 183 297 330 959 932 131 700 219 844 347 241 178 23 346 522 192 551 483 472 777 807 517 122 541 636 760 125 565 759 
118 241 203 17 723 650 942 246 526 908 571 242 813 422 724 334 468 120 557 899 998 628 321 261 914 151 985 945 23 481 509 222 151 832 72 183 71 761 815 352 765 439 738 708 504 1 346 0 876 665 109 428 945 985 788 728 747 835 43 22 616 509 190 372 128 247 11 991 397 190 359 599 661 85 38 958 532 307 554 783 461 793 640 512 184 915 320 434 570 964 131 894 490 700 733 399 903 547 594 748 
661 644 946 556 783 325 222 681 251 419 58 280 147 40 251 29 440 95 424 337 303 236 787 893 405 598 943 646 164 885 913 649 806 182 760 221 358 940 574 30 36 294 206 965 631 350 502 874 0 63 799 336 493 448 99 550 635 484 38 307 491 606 978 480 818 682 72 756 193 357 654 310 654 688 730 630 394 229 173 879 677 615 353 488 220 422 963 733 435 32 353 770 947 737 811 216 508 235 709 190 
507 238 156 321 437 889 324 179 290 286 736 127 522 529 609 466 747 369 93 684 96 526 897 620 827 417 471 455 347 926 577 426 806 604 315 491 768 779 596 179 362 292 933 486 595 789 352 944 394 0 828 999 235 484 335 515 649 977 417 680 123 218 637 484 337 757 274 345 260 566 405 658 553 143 15 477 422 482 458 40 329 283 229 229 654 848 181 760 799 82 4 565 275 660 108 68 945 560 882 359 
292 39 933 232 342 215 461 61 670 820 22 502 956 441 396 915 578 886 751 535 986 865 302 714 484 926 461 848 750 610 33 644 308 873 712 802 63 717 243 838 799 904 565 703 60 749 114 864 262 101 0 50 686 827 723 427 243 985 228 275 106 498 983 581 793 142 870 496 258 674 185 397 664 921 629 22 15 182 895 928 110 447 505 49 608 531 516 626 550 492 612 757 966 110 263 551 159 861 661 63 
418 122 401 973 658 126 437 819 228 773 42 663 999 124 845 222 341 323 138 290 528 964 669 621 901 673 92 483 844 577 646 140 581 67 254 694 523 832 975 486 165 213 985 544 951 270 698 186 837 276 366 0 312 597 986 876 651 593 799 102 462 193 658 445 277 627 652 530 411 946 518 329 42 551 246 893 953 541 137 845 221 542 624 340 587 873 733 450 441 917 828 397 362 12 269 397 832 539 766 177 
770 302 714 596 789 966 438 812 325 708 904 407 739 397 625 717 525 789 138 739 539 6 232 220 925 48 457 447 144 816 517 102 920 739 768 914 629 529 868 130 336 76 561 274 732 64 111 646 31 555 216 302 0 744 336 354 665 189 865 348 979 359 126 253 626 664 977 674 448 350 716 689 370 432 527 107 286 14 256 888 21 124 112 701 401 583 452 152 631 630 273 754 70 801 615 396 694 781 575 154 
194 686 748 170 926 595 277 725 544 30 537 253 394 984 329 109 582 680 497 724 376 61 710 313 576 815 616 135 612 425 874 178 186 58 109 928 211 382 928 177 496 361 530 751 769 988 485 166 521 341 957 36 539 0 925 697 715 490 530 603 572 357 356 949 621 414 700 636 131 888 234 261 188 221 780 344 530 555 869 129 974 689 703 203 599 744 460 821 315 523 406 47 618 713 164 411 376 120 534 366 
906 809 237 14 373 992 998 851 59 371 310 359 615 984 780 376 909 281 731 907 885 513 567 64 15 797 733 506 246 141 981 613 607 250 777 632 400 807 733 187 171 75 678 207 658 739 181 106 90 993 875 322 290 113 0 503 418 195 809 477 288 558 126 87 340 144 833 915 852 207 700 769 284 348 826 129 406 698 824 528 586 484 101 674 135 402 121 929 967 652 961 324 247 253 817 968 4 601 0 10 
990 294 23 435 568 406 626 602 453 867 525 597 180 426 903 344 565 504 74 579 386 631 656 735 774 961 551 825 400 99 758 118 425 667 941 909 233 274 840 375 205 331 412 370 140 193 512 257 884 700 813 21 961 484 46 0 471 904 245 999 148 911 649 470 291 161 392 679 803 422 910 672 471 745 755 912 476 152 40 618 72 408 993 184 698 299 347 825 374 211 77 717 296 534 824 909 997 618 777 950 
231 543 563 420 248 506 224 25 203 974 823 701 495 274 836 684 445 679 212 645 535 361 287 983 593 107 959 885 298 133 213 856 761 967 617 137 993 253 736 550 679 874 613 1 640 415 226 541 950 315 365 498 10 553 670 431 0 287 707 180 268 615 533 340 414 201 536 105 134 104 895 778 191 29 197 300 688 717 706 434 631 931 102 493 454 724 196 140 240 157 104 549 204 15 457 633 217 715 919 187 
656 430 165 217 693 854 568 681 46 938 37 829 465 149 294 351 178 626 741 909 562 169 831 117 560 921 283 850 116 435 496 253 934 805 145 451 835 540 436 765 560 64 742 371 564 635 696 776 818 498 13 521 260 170 257 749 424 0 749 501 938 848 89 651 874 8 643 271 40 512 879 714 350 789 371 433 216 721 978 391 876 140 997 956 210 28 449 98 67 192 845 867 852 350 546 494 417 866 403 794 
436 664 620 39 917 375 949 241 960 589 566 918 508 887 218 693 64 160 262 774 662 398 152 526 442 306 114 786 170 990 566 832 836 230 865 131 644 433 194 126 957 40 105 917 437 987 586 569 139 40 209 298 810 341 686 644 445 643 0 185 265 992 411 400 244 196 847 67 317 242 939 671 411 25 344 845 338 236 562 576 904 509 440 516 570 546 89 720 35 884 383 812 102 586 351 483 398 698 207 746 
740 344 783 359 17 765 328 602 687 864 559 318 195 191 658 792 38 87 217 143 183 599 854 146 138 281 101 845 195 841 660 755 619 283 299 844 210 488 37 833 858 121 805 322 114 362 137 231 880 192 178 971 357 595 770 898 933 964 515 0 814 109 678 692 528 41 805 213 331 407 425 535 605 390 44 956 486 454 579 522 998 240 84 71 705 88 584 235 412 565 935 803 982 205 288 322 938 3 64 263 
425 251 752 147 634 922 993 458 868 408 656 463 632 999 764 210 145 547 101 251 845 481 757 341 699 82 664 374 972 383 509 931 803 708 140 670 383 958 231 825 558 719 739 530 809 726 414 279 45 138 608 889 693 478 756 506 690 531 637 896 0 781 896 426 880 524 240 917 249 824 630 360 633 732 590 914 381 33 269 995 276 214 379 28 238 920 505 233 822 564 580 193 473 808 519 980 469 37 620 4 
458 343 508 364 907 698 49 67 686 110 195 834 343 748 231 569 120 71 561 685 812 492 875 693 599 185 635 144 55 329 9 8 757 381 309 657 884 220 213 298 169 804 780 890 233 590 700 411 469 861 453 843 256 311 778 254 799 466 915 980 8 0 452 460 899 286 262 63 867 378 272 965 730 84 3 44 439 648 932 588 331 676 903 559 929 550 773 667 389 471 592 292 343 556 284 652 119 9 398 821 
272 470 846 556 622 996 270 61 186 550 82 75 858 802 935 894 51 288 486 316 25 375 647 75 707 236 648 26 169 644 134 477 719 558 392 128 57 524 433 56 367 416 596 711 720 225 63 247 448 341 754 339 812 262 159 123 569 391 545 342 906 126 0 501 223 262 865 204 614 858 839 420 909 788 850 807 585 644 20 813 859 270 898 858 76 924 884 523 114 799 642 864 552 231 927 491 386 653 930 208 
789 575 944 499 899 316 715 988 13 355 477 621 854 496 892 162 254 287 224 855 732 478 688 510 555 655 904 670 413 843 526 116 970 287 472 45 818 242 102 41 774 309 358 362 555 737 426 578 46 540 691 800 416 388 546 339 922 433 121 748 314 359 949 0 393 912 477 917 749 502 235 181 730 497 14 184 769 958 279 172 944 439 87 484 779 782 641 707 908 977 283 464 661 36 315 666 185 100 875 331 
217 424 318 159 643 480 75 955 122 472 735 160 147 275 821 71 283 473 399 820 795 147 747 844 326 196 808 105 871 543 744 794 990 693 54 637 49 614 399 679 220 356 938 24 924 317 185 514 909 480 664 776 201 428 243 449 721 830 313 763 811 745 949 682 0 632 785 966 519 294 167 839 581 902 505 680 172 439 204 128 363 481 310 527 585 5 608 33 200 120 779 218 507 880 558 402 935 397 333 441 
981 793 275 332 46 544 969 542 229 504 812 847 8 722 74 152 279 862 69 644 555 634 750 145 680 956 578 876 114 194 704 728 787 521 201 639 171 627 678 806 190 862 637 61 961 580 796 972 661 437 556 903 770 462 598 891 245 644 921 798 586 817 74 786 49 0 342 891 31 550 241 700 73 543 320 746 526 668 803 137 26 870 186 542 65 958 71 338 309 274 281 76 919 911 253 321 435 494 245 149 
926 417 963 81 825 820 99 933 237 958 166 468 493 703 940 36 473 841 590 829 215 457 644 559 642 933 338 822 349 822 858 255 6 421 327 650 733 806 629 783 188 921 812 19 390 566 332 834 833 958 440 428 238 455 797 442 821 942 145 15 468 236 366 825 167 890 0 658 416 315 715 145 213 432 264 698 925 974 282 397 418 49 391 798 650 234 715 153 492 32 47 475 184 83 54 407 939 131 634 22 
120 757 267 101 999 606 239 866 25 541 466 871 473 60 608 773 796 144 949 18 585 828 276 995 690 457 76 130 145 785 28 696 859 247 840 547 192 240 256 161 872 452 584 131 862 396 74 835 809 381 37 437 966 508 585 977 702 976 848 535 454 819 766 641 33 32 202 0 230 479 72 782 907 814 762 105 389 201 106 329 555 359 381 796 576 642 655 209 798 917 19 440 139 183 442 580 469 560 248 458 
143 673 83 874 300 870 597 362 296 308 575 168 28 549 278 438 561 232 40 941 57 675 949 77 794 523 823 616 964 600 724 828 192 892 673 87 985 66 950 235 452 40 278 329 201 831 341 903 201 263 242 212 71 206 532 80 905 664 735 647 750 733 886 668 976 159 255 400 0 251 544 88 31 12 870 766 309 963 806 222 216 15 534 666 966 280 13 891 775 986 269 773 79 434 89 93 707 807 935 413 
743 50 79 615 358 806 58 302 793 864 468 960 958 391 954 165 370 956 900 40 431 371 267 541 959 376 988 361 262 610 666 573 251 43 63 899 334 718 627 406 35 879 667 118 462 982 515 209 757 460 972 315 225 499 206 278 292 321 142 586 731 181 865 678 820 208 791 332 433 0 31 929 505 671 351 682 990 774 491 42 851 613 254 507 385 498 471 501 708 572 446 374 464 300 660 291 876 574 180 406 
528 119 534 704 640 718 144 709 952 45 533 85 983 526 280 374 510 344 559 533 752 1 962 516 433 299 234 218 257 833 484 664 224 792 870 392 361 168 766 966 288 235 128 64 942 266 294 104 537 981 239 158 670 833 738 199 761 209 282 787 681 223 793 272 15 105 798 402 269 454 0 94 834 388 802 136 933 493 440 907 880 516 82 219 88 646 13 26 33 477 528 94 380 664 947 270 444 513 843 525 
596 666 580 309 426 798 197 629 119 174 479 731 605 297 518 818 719 689 478 589 827 461 998 89 715 881 872 679 919 479 758 631 620 361 438 661 607 587 167 391 938 285 569 668 294 31 312 942 55 379 705 472 915 782 691 457 370 799 543 671 423 614 728 180 900 910 964 836 706 906 160 0 120 451 919 542 221 657 933 990 451 227 438 722 902 716 980 869 646 52 459 330 921 364 568 686 922 502 722 954 
767 784 83 32 548 895 94 779 738 182 168 337 916 518 472 930 558 573 760 655 294 689 835 965 661 140 599 266 725 535 130 444 481 280 903 87 977 942 672 429 5 553 754 85 407 652 126 6 92 917 652 698 369 761 359 134 607 554 158 94 152 50 262 371 433 191 538 86 753 391 861 508 0 31 326 347 549 11 568 48 95 45 595 673 961 163 166 709 762 929 753 921 572 587 967 912 995 342 323 667 
628 426 582 378 551 266 687 433 454 817 81 852 603 126 72 482 261 337 771 268 995 299 163 487 774 785 130 518 835 833 293 272 623 340 354 375 624 274 490 878 930 600 543 626 959 516 199 562 829 191 526 87 356 514 615 868 317 889 452 166 75 610 281 492 717 22 444 927 650 599 903 619 875 0 440 562 725 194 118 502 765 482 163 331 349 286 598 84 349 472 91 633 539 19 926 780 730 158 694 88 
253 921 772 778 970 390 475 642 32 603 559 200 235 101 576 224 869 260 94 440 660 844 804 631 841 15 830 286 876 285 756 280 682 605 183 811 369 323 841 389 584 218 431 697 762 73 631 586 145 312 60 613 932 873 407 952 827 241 141 831 719 894 733 523 197 648 112 491 361 458 641 485 13 183 0 903 714 640 923 865 488 802 176 485 639 776 762 960 918 909 257 725 762 456 821 571 294 384 55 370 
501 334 44 741 50 174 585 16 934 813 743 994 914 548 232 780 808 251 415 512 790 606 668 563 186 787 69 420 998 713 630 802 853 227 825 520 940 834 382 635 889 54 780 162 719 909 333 125 432 826 94 799 432 839 868 60 480 906 191 691 905 403 314 388 220 260 800 569 976 607 840 217 483 147 490 0 324 96 135 871 498 554 328 270 883 818 537 691 880 538 562 147 445 533 474 193 543 617 203 182 
990 613 563 464 282 629 142 973 208 699 750 342 852 725 301 591 750 260 679 35 87 528 515 737 962 902 312 187 925 748 234 540 999 249 819 535 761 599 820 92 975 779 908 452 646 217 468 162 981 346 363 577 382 239 342 50 987 404 684 549 635 104 130 36 340 425 530 309 712 771 452 790 458 831 311 897 0 918 504 122 638 627 820 462 587 978 616 793 660 627 300 141 945 585 794 847 605 377 125 909 
820 451 290 838 886 200 337 213 18 673 811 766 195 510 309 479 686 820 228 344 513 517 391 211 390 804 832 467 645 213 138 49 749 593 827 834 755 47 211 433 336 812 523 619 678 500 855 549 611 629 548 320 69 811 922 541 804 990 154 513 875 909 904 818 231 102 401 271 669 458 686 35 431 854 167 745 80 0 824 330 582 782 33 281 55 188 11 461 164 351 774 626 72 821 937 644 639 319 230 362 
617 226 95 59 565 411 13 121 72 528 325 482 414 355 531 611 269 79 1 821 366 786 357 979 277 20 664 855 918 188 164 513 384 639 91 90 899 754 820 154 947 165 175 784 204 239 461 64 621 446 475 379 856 654 749 284 621 494 165 999 100 121 819 555 130 936 723 758 159 154 484 189 328 285 149 739 513 204 0 349 869 473 72 158 355 533 918 27 811 386 185 344 833 69 409 67 357 198 878 618 
755 716 268 41 717 74 407 289 658 405 943 34 595 748 973 137 288 406 747 314 502 359 672 214 547 754 193 501 464 743 536 470 662 687 233 177 537 706 775 748 272 375 843 490 866 460 405 253 497 650 896 532 706 130 802 813 635 177 657 276 468 551 598 377 766 211 485 14 574 216 203 830 578 28 910 103 322 67 688 0 891 382 569 378 332 672 926 827 137 589 823 861 576 91 263 587 297 331 987 115 
528 752 868 437 631 79 33 171 718 639 439 170 845 728 138 565 454 437 163 318 85 4 617 223 881 650 450 994 754 689 769 150 3 667 102 11 351 901 387 794 477 335 51 239 837 401 956 985 466 365 547 766 687 737 492 977 244 291 824 262 185 693 598 82 951 40 117 261 275 418 917 705 428 866 532 338 210 656 788 61 0 239 371 113 0 245 259 943 496 229 954 189 473 265 75 414 443 133 222 328 
114 630 129 290 67 54 115 605 24 381 883 203 784 913 357 27 927 639 228 458 356 727 817 802 717 467 778 470 836 247 947 452 309 850 496 313 125 20 248 904 332 758 155 83 387 580 893 47 366 845 664 836 947 217 613 738 25 490 387 565 425 491 830 338 288 675 425 655 562 515 187 894 744 155 14 778 851 424 986 911 142 0 249 985 770 313 460 510 636 195 727 415 303 489 223 850 468 263 311 682 
291 908 319 313 465 599 656 204 964 396 20 396 683 318 176 241 520 260 866 591 247 837 860 762 382 725 777 27 877 264 245 706 637 876 263 579 770 89 753 707 515 249 259 162 662 458 517 481 142 264 771 147 711 70 128 269 454 236 78 639 939 471 722 642 96 301 690 377 968 976 952 994 219 744 502 388 62 67 920 977 205 383 0 899 916 539 0 398 353 769 981 686 130 71 675 82 286 2 2 398 
150 803 380 941 676 986 109 799 886 452 819 371 995 687 278 358 908 376 721 818 908 803 246 416 928 178 126 493 464 308 830 880 867 256 787 90 870 295 102 756 189 148 200 556 248 263 951 863 951 837 846 440 734 753 57 711 953 606 717 51 528 810 212 152 964 157 167 521 568 639 25 807 824 933 738 30 956 835 169 695 814 578 25 0 93 282 501 204 395 753 929 782 29 273 724 79 989 855 588 895 
297 529 516 977 552 558 81 242 819 416 729 9 222 915 451 615 118 213 459 510 170 342 860 28 579 79 222 534 629 668 175 15 854 868 140 600 436 173 671 503 945 26 999 122 712 198 493 546 654 936 595 267 363 551 365 912 825 5 913 497 41 174 472 198 346 743 292 714 468 945 122 650 246 661 511 390 837 846 357 613 62 404 780 986 0 621 384 992 510 154 293 998 622 319 234 250 643 597 570 41 
518 882 846 735 750 549 78 198 65 959 352 895 534 778 727 246 881 517 581 433 951 839 448 209 77 903 72 296 612 938 207 129 312 700 159 531 52 69 479 574 838 549 390 483 465 263 646 95 382 65 425 392 129 442 767 742 602 371 46 83 760 422 360 427 55 793 112 460 651 388 836 439 530 430 980 868 734 203 257 1 480 416 646 828 766 0 501 318 964 492 731 795 12 424 852 287 28 398 415 871 
419 880 638 896 38 144 5 723 704 324 18 843 393 19 101 155 536 615 647 34 204 754 516 688 700 371 35 944 155 800 18 22 232 899 92 312 527 775 468 975 995 442 577 332 190 922 266 989 500 474 521 47 662 692 938 291 898 317 562 923 845 766 242 267 75 430 626 66 283 299 240 512 829 312 713 664 341 550 804 269 943 365 908 94 490 873 0 414 162 93 678 821 973 466 22 132 716 862 831 138 
406 687 634 5 13 327 401 519 238 127 979 243 262 541 750 128 109 926 852 701 422 132 270 75 469 544 387 254 111 672 873 236 117 162 786 955 824 735 241 838 646 944 98 537 355 12 452 944 112 576 426 859 48 404 117 13 165 556 627 896 999 276 331 817 12 323 846 834 464 496 831 50 927 432 19 662 541 101 778 556 213 415 595 938 590 615 299 0 781 942 839 151 527 498 847 627 386 10 756 278 
526 135 804 86 973 475 39 435 868 780 845 654 769 183 305 579 852 951 522 872 671 389 391 606 32 103 480 716 628 731 58 633 147 770 832 185 752 599 676 396 560 895 302 956 23 769 809 188 24 309 58 907 300 246 914 145 159 666 193 423 223 734 675 521 486 964 692 916 77 838 821 225 945 146 350 50 928 654 427 826 690 954 170 887 322 211 657 257 0 73 338 225 178 727 243 837 126 476 420 777 
443 318 698 873 190 74 359 518 493 585 500 376 318 28 103 747 828 352 445 579 177 123 225 695 237 268 50 697 773 542 145 571 76 253 0 179 453 462 683 407 421 779 18 521 77 509 381 757 638 248 766 558 516 273 730 755 491 747 63 599 828 797 215 28 240 173 220 495 371 696 17 111 786 46 758 366 5 322 580 637 349 656 333 84 574 253 525 615 886 0 709 315 237 667 213 767 424 370 900 517 
255 967 598 741 243 306 762 99 200 362 361 636 852 905 741 600 80 124 492 608 476 770 797 590 460 706 584 849 431 887 400 376 908 965 625 204 948 482 835 792 549 808 423 658 771 319 894 17 255 781 159 262 66 159 456 973 575 847 537 219 478 230 574 831 573 232 211 978 407 13 983 465 335 163 11 79 667 191 522 629 483 699 305 228 552 302 861 695 943 265 0 70 177 740 343 513 984 958 80 246 
711 574 214 598 262 684 643 296 88 457 797 110 11 129 23 550 501 282 380 463 383 491 620 719 861 493 860 387 620 197 834 615 187 879 414 577 778 412 986 970 13 757 163 924 592 661 701 76 292 26 153 465 905 947 738 811 145 243 659 172 291 700 186 514 301 477 640 706 209 980 847 662 664 564 10 856 121 400 151 444 146 189 336 953 613 187 277 464 661 324 75 0 638 153 805 702 232 198 790 122 
375 500 522 953 601 759 701 444 796 776 467 329 593 953 451 798 493 829 435 140 597 139 632 814 479 10 141 505 109 164 280 828 34 388 162 487 212 194 837 965 258 627 286 315 446 19 130 168 690 21 322 941 676 270 553 372 275 351 626 339 289 290 460 840 264 10 567 587 215 701 102 121 421 867 997 436 138 813 155 526 170 968 270 269 699 570 67 453 907 921 676 451 0 792 916 155 660 948 470 355 
180 446 291 777 4 883 206 717 136 195 244 644 960 615 142 827 226 721 300 101 803 974 578 863 623 942 334 322 220 930 375 841 419 477 935 350 910 996 394 313 67 645 724 632 815 899 743 704 634 23 962 282 337 592 954 462 735 532 916 99 274 476 160 540 492 467 127 52 159 495 70 346 583 390 361 190 452 50 656 489 76 5 596 736 989 373 474 41 432 177 974 5 758 0 422 325 0 584 384 316 
97 578 215 461 371 510 733 702 981 823 485 399 7 274 94 236 315 400 607 671 976 992 986 160 891 823 866 663 581 673 70 918 706 214 118 777 254 240 483 959 767 177 600 696 608 983 509 22 953 618 728 526 177 2 876 518 758 163 972 158 857 250 877 945 37 198 281 866 167 562 353 513 92 167 176 86 255 44 284 362 122 864 478 418 938 899 910 309 661 538 105 243 492 674 0 730 943 350 636 375 
266 215 802 99 101 557 62 117 722 218 588 103 893 248 569 275 388 20 747 705 911 628 923 959 743 985 790 526 914 342 992 596 469 758 423 412 776 481 229 775 830 31 470 61 329 394 965 492 177 824 283 416 918 631 40 912 201 919 23 783 527 763 654 792 709 255 179 577 644 955 231 520 790 118 470 992 782 659 621 61 684 575 666 227 638 368 615 114 440 983 15 484 820 222 583 0 465 973 37 152 
307 587 643 972 78 896 139 32 786 439 531 642 108 805 486 974 299 272 950 631 246 82 568 794 504 957 517 783 94 975 845 609 174 957 547 883 888 640 46 506 998 861 811 175 836 638 181 956 522 436 567 908 215 934 415 373 789 896 754 62 434 311 220 851 602 577 695 606 407 800 872 53 587 653 943 745 178 358 677 826 99 482 829 805 165 377 349 736 836 654 284 506 955 39 603 181 0 815 527 599 
257 482 646 496 590 622 825 44 705 817 469 423 608 996 105 557 371 335 252 344 290 447 889 948 530 626 254 785 56 192 416 352 827 684 544 853 701 489 512 603 411 430 22 330 992 106 432 884 653 527 158 435 692 362 755 557 103 489 732 568 629 859 374 221 917 235 739 336 529 93 757 133 396 63 537 29 268 665 886 703 952 589 723 646 98 991 491 225 237 93 116 405 39 343 227 765 8 0 71 814 
744 642 65 497 204 275 184 542 857 144 492 79 274 528 998 258 412 318 135 110 631 655 174 716 30 496 713 39 603 738 280 118 718 768 982 551 629 749 529 195 579 217 248 511 602 826 681 110 754 29 602 1 762 828 910 777 907 30 325 641 82 332 167 6 237 975 79 824 426 677 9 0 284 516 253 690 776 747 652 66 289 197 648 496 145 38 814 558 106 62 52 630 446 723 285 390 340 896 0 711 
759 572 431 195 605 276 737 81 319 307 398 227 818 834 388 321 673 637 159 266 980 152 569 67 68 996 91 365 100 866 378 147 617 814 58 985 931 989 950 494 585 583 173 706 880 925 678 760 804 603 613 341 893 494 771 390 35 183 305 541 170 463 116 181 30 568 146 193 431 169 916 88 454 90 666 59 814 459 713 829 99 641 983 857 422 809 509 96 22 843 388 32 247 135 408 589 231 10 496 0 
